# of threads: 32
#The overall communication matrix between threads 
0 0 0 0 0 0 0 0 0 0 0 0 0 0 0 0 0 0 0 0 0 0 0 0 0 0 0 0 0 0 0 0 
73988 0 70204 67376 69704 62784 50184 67964 70628 73460 70680 67140 63740 50836 66832 76536 53540 72532 70212 63656 63740 64532 70440 65812 73484 70772 70712 60740 66640 66580 66340 70384 
84708 60384 0 57288 60096 71340 63772 76796 64316 73700 72392 66756 66880 62448 69324 76524 73696 55244 50908 73116 59472 67556 70348 76528 63676 53456 70188 64000 70116 76520 66976 66240 
69968 67184 82380 0 62640 70972 69380 66880 66860 67120 69912 73068 66328 70180 76824 66716 69920 63760 69964 69952 53564 57652 69972 53588 73760 59672 66608 77220 60452 73032 69416 66568 
80720 74484 73588 69496 0 63576 49848 63636 67432 64096 66684 60280 59720 66964 66424 62224 66440 60312 70020 67676 59524 72520 67184 63064 60536 72580 70016 69736 73092 66932 69752 66144 
57424 57172 67160 66896 74044 0 70728 63840 70216 70772 69952 56584 69448 64876 53448 67376 67132 66380 57432 70084 66912 61300 60240 66676 77380 50476 56872 61052 65852 53048 70204 69944 
74084 50212 73292 66884 73804 70456 0 64644 70460 69948 61768 63556 54060 67912 57524 66648 71172 63280 56456 63800 67164 62920 68544 60224 66736 66872 64332 52784 60760 73548 60468 60552 
60228 63848 49960 73372 70484 63056 84536 0 80132 67256 66632 66332 61100 67120 66580 63780 60636 66844 76832 73540 66104 70712 76616 73504 78048 70252 73548 73524 66860 71384 66876 69932 
74304 60780 70240 63788 67416 67864 66840 80712 0 66724 59988 57464 66112 61260 63844 60724 63872 58236 73836 57252 57344 73460 63812 67652 67496 53604 66988 60504 53900 50544 67448 56368 
54124 62504 59972 70448 67164 56924 56856 67712 80380 0 73936 69452 69420 65848 66144 63940 62820 60472 67384 63796 67468 70248 70220 53192 74108 54076 57720 69560 53632 63328 59696 67144 
63596 63600 71056 59936 69344 73812 72576 76876 83512 62764 0 80224 58688 73820 73576 63836 56596 63276 66620 72516 66648 57464 69956 64576 63072 62832 66912 74852 56720 66380 56608 53248 
76856 70780 63584 73828 75968 69404 59692 70736 64912 69460 80432 0 53592 50040 76864 67628 77144 63292 66352 73808 77076 60464 52300 76348 74624 59952 75872 76644 63104 62560 67384 73780 
67648 67744 59988 66888 69948 63016 65568 73292 86312 72520 59720 66620 0 60104 72792 66148 65416 69184 63352 67180 63564 69492 63340 63340 48080 59516 69740 63328 61780 72608 54080 66152 
69464 70484 65820 70708 60260 60456 70180 73532 70208 59680 70636 63088 73608 0 56136 73312 63560 70172 66404 72724 64312 66624 60216 64016 79416 70948 63564 67296 63284 60508 73516 66384 
69968 69972 63628 73040 63320 73592 53328 70256 63868 60872 69736 63800 67456 49756 0 66676 73128 65888 68816 69964 63616 73572 69748 59576 60464 59488 66924 73360 54996 60040 56968 63292 
70248 74008 66892 67136 80756 70748 56096 71556 70184 63024 73580 70464 66868 67132 90192 0 69480 70436 59968 76324 60492 73404 67144 73784 57384 66868 63576 59948 64564 57140 57164 73344 
80704 77768 69800 53844 67140 68260 70496 60244 67156 70504 60224 64360 72508 67116 70580 69464 0 64072 73320 66344 76960 69972 63304 63796 74124 67180 59496 66712 63592 72980 70540 70484 
69956 60252 56936 47420 60496 69220 63052 63588 66580 60196 55744 69692 56372 66072 56652 53836 80732 0 70748 70228 65312 73748 70240 65612 59712 62492 60800 62780 57184 63044 59924 73304 
67080 54284 63996 60796 70616 77228 56640 75672 67056 81228 66800 67012 69916 63328 57616 67444 73808 64036 0 60420 73432 67076 77260 63992 60688 72952 60376 60384 72932 62960 73180 66520 
80564 69200 71564 69980 63520 73320 66856 67216 66416 74932 60208 76872 76840 62488 66872 73300 73520 69960 73788 0 66924 66848 71924 64112 80952 67124 67124 70180 66104 60860 65608 56628 
63272 66608 53596 60268 54392 53308 72748 76376 63980 70696 66912 63508 69460 63512 56916 64136 87848 66852 69948 60240 0 60500 68720 59668 69968 62832 67280 66168 50072 63148 59984 57152 
62268 64324 70176 63036 70484 69720 57200 60276 70260 69708 53352 76644 67144 70412 59952 73776 73292 67080 69944 62736 83796 0 63356 59968 53056 69972 67116 63308 69212 66888 72760 73244 
67420 63600 66620 64644 70232 67428 63540 70196 69960 60480 61740 58928 68968 50208 76436 60752 53292 70676 66604 70460 91004 63112 0 72832 67124 64288 68636 66860 63568 70316 65120 64956 
69180 66136 55608 59488 59968 73608 70440 66620 74084 72808 75936 69924 60260 60468 66636 60300 63820 54960 73784 73588 56888 68052 83300 0 70364 57132 67156 66960 70456 69828 63552 66344 
66824 73260 76576 73824 69564 69668 76168 59400 66500 76616 67116 76772 71964 66644 75224 67020 87260 73008 69624 57020 79512 69060 83384 66492 0 67296 66788 67012 66484 76260 70844 68892 
66652 57220 69580 66660 72776 66008 69468 73616 65756 66520 50140 75936 66528 70368 65664 70216 66760 73644 75628 71120 60392 63208 69980 69912 73676 0 70428 63044 70472 73304 60056 65332 
79824 72676 76484 76248 79544 63692 76072 76536 76248 72876 79824 74488 78744 73036 69548 72928 76364 69552 76192 75800 76132 73380 72344 66856 86484 69236 0 76808 83564 63660 79840 63724 
76068 69636 76568 76540 66112 59412 59192 73540 72748 53592 76312 66808 69948 76484 59116 73452 70148 66072 75416 59804 66268 67124 69824 65448 56632 66376 90812 0 73708 59448 67960 69580 
73028 69900 77992 70240 76036 76976 72632 76560 66396 56700 73336 82424 61912 69440 69960 73280 65936 62692 71768 72552 56408 70020 70272 63256 77564 73000 80336 75556 0 70112 65972 66632 
62988 69940 73628 73372 73180 69860 76836 76792 65732 62288 56892 73012 52744 72872 66136 66792 73544 69672 66216 58948 59132 69580 75932 82368 66776 65972 72900 56264 87396 0 70200 66956 
64584 59496 73264 72500 66760 66720 70200 76740 73596 56000 76328 76604 72384 69460 66040 71524 63600 55336 69836 63056 49444 68952 66328 61892 69716 65328 69700 73004 80448 73180 0 73356 
62852 76292 76028 72200 62228 61724 64772 66184 65020 67328 71944 75820 77616 61776 53156 66624 68964 72212 68264 51980 56624 68916 73264 65680 75264 65036 66512 72720 65808 69112 80260 0 