#Region Location |--> /home/amiryousefi/MasterThesis/Codes/NAS/NPB3.3-OMP-C/CG/cg.c: .omp_outlined..55 :: line No: 473
0 0 0 0 0 0 0 0 0 0 0 0 0 0 0 0 0 0 0 0 0 0 0 0 0 0 0 0 0 0 0 0 
57868 0 67876 65044 67352 60468 47896 65560 68280 71188 68372 64792 61372 48504 64536 74256 51220 70164 67868 61340 61460 62216 68120 63504 71180 68436 68376 58404 64308 64288 64028 68120 
68508 58032 0 54944 57728 69004 61420 74384 61944 71332 70000 64416 64532 60156 66988 74152 71336 52876 48548 70800 57108 65212 68004 74212 61328 51140 67804 61700 67784 73960 64652 63960 
67592 64784 66212 0 60312 68656 67088 64532 64540 64804 67628 70688 64024 67860 74528 64400 67604 61464 67616 67600 51228 55316 67600 51232 71444 57352 64304 74792 58136 70708 67100 64272 
64536 72088 71188 67096 0 61216 47496 61224 65040 61724 64284 57880 57376 64524 64016 59816 64032 57944 67624 65320 57112 70176 64784 60696 58144 70212 67604 67344 70668 64528 67368 63780 
55060 54816 64812 64564 57872 0 68380 61468 67884 68380 67616 54272 67144 62552 51112 65044 64800 64020 55068 67736 64564 58936 57880 64292 75032 48144 54544 58704 63488 50708 67856 67620 
71720 47888 70924 64560 57624 68116 0 62232 68112 67600 59416 61220 51724 65540 55176 64304 68740 60956 54060 61456 64796 60548 66144 57868 64392 64544 61980 50460 58428 71200 58116 58200 
57864 61464 47624 71060 68100 60704 68400 0 77788 64916 64276 64028 58760 64784 64276 61452 58276 64524 74508 71192 63772 68380 74268 71200 75696 67876 71180 71200 64564 69008 64560 67620 
58128 58400 67880 61472 65032 65548 64532 78356 0 64344 57612 55056 63768 58892 61484 58400 61472 55900 71440 54888 54928 71064 61452 65232 65072 51204 64540 58124 51492 48168 65048 54024 
51776 60168 57624 68112 64816 54556 54536 65312 64148 0 71584 67080 67080 63504 63780 61580 60428 58144 65048 61464 65128 67872 67864 50828 71696 51720 55312 67112 51240 60956 57368 64792 
61212 61224 68648 57608 66976 71444 70256 74508 67348 60416 0 77856 56340 71436 71204 61464 54272 60940 64292 70192 64284 55072 67560 62228 60712 60456 64524 72524 54360 64024 54292 50952 
74516 68380 61232 71432 73616 67084 57368 68356 62544 67092 64272 0 51208 47632 74532 65296 74788 60972 64004 71428 74760 58112 49972 74024 72280 57624 73496 74260 60764 60208 65032 71452 
65312 65348 57632 64520 67620 60680 63248 70928 70152 70176 57352 64268 0 57652 70408 63800 63044 66836 60960 64780 61192 67084 60952 60956 45716 57100 67360 60956 59404 70260 51732 63756 
67104 68112 63516 68388 57880 58148 67860 71180 67860 57368 68280 60704 57376 0 53796 70968 61216 67860 64020 70412 62000 64288 57868 61720 77104 68620 61204 64932 60956 58188 71188 64036 
67600 67608 61220 70700 60948 71192 50972 67892 61456 58492 67352 61452 51220 47380 0 64268 70672 63504 66400 67604 61204 71200 67360 57216 58124 57100 64552 70952 52632 57652 54540 60936 
67896 71692 64524 64784 78360 68420 53776 69224 67864 60692 71208 68112 64540 64796 74016 0 67104 68092 57620 74000 58148 71076 64792 71432 55044 64564 61228 57604 62228 54820 54800 70960 
64528 75428 67412 51480 64788 65936 68152 57876 64780 68132 57880 62000 70188 64784 68168 67116 0 61712 70936 64008 74612 67616 60964 61468 71736 64776 57116 64288 61208 70556 68124 68112 
67604 57888 54548 45072 58140 66840 60736 61228 64256 57864 53404 67348 54052 63772 54316 51484 64536 0 68400 67884 62992 71444 67892 63276 57360 60168 58420 60440 54812 60700 57608 70928 
64688 51880 61612 58416 68260 74828 54296 73284 64680 78888 64432 64676 67508 60972 55224 65116 57584 61680 0 58036 71068 64708 74924 61616 58312 70592 58032 57972 70572 60584 70828 64164 
78216 66828 69232 67636 61200 70924 64544 64784 64036 72596 57880 74524 74516 60184 64544 70964 71208 67600 57612 0 64528 64528 69580 61720 78600 64796 64796 67852 63776 58392 63256 54288 
60940 64300 51232 57872 52008 50976 70420 74008 61600 68356 64532 61200 67084 61192 54552 61732 71692 64532 67588 57880 0 58144 66304 57352 67592 60432 64808 63788 47632 60696 57632 54792 
59936 61980 67852 60700 68152 67360 54848 57896 67892 67348 51004 74260 64800 68108 57632 71448 70948 64780 67600 60420 67616 0 60956 57624 50696 67600 64792 60948 66852 64524 70420 70924 
65048 61232 64276 62268 67880 65056 61208 67844 67616 58136 59380 56604 66624 47892 74132 58392 50960 68356 64304 68132 74800 60716 0 70440 64772 61976 66212 64520 61200 67988 62812 62636 
66844 63764 53280 57128 57632 71196 68100 64260 71704 70448 73568 67604 57876 58148 64296 57904 61484 52624 71428 71232 54564 65688 67092 0 67944 54800 64796 64552 68108 67492 61204 64016 
64424 70924 74264 71504 67224 67356 73856 56980 64152 74264 64804 74436 69660 64340 72912 64652 71060 70668 67224 54700 77212 66708 81052 64144 0 64932 64416 64660 64140 73880 68512 66588 
64288 54804 67232 64280 70432 63656 67144 71188 63372 64144 47768 73556 64148 67992 63244 67872 64296 71316 73248 68744 57992 60828 67608 67588 57468 0 67992 60672 68132 70928 57680 62984 
77452 70280 74112 73896 77164 61320 73744 74144 73872 70504 77432 72084 76404 70676 67204 70568 73988 67212 73860 73472 73732 71028 69892 64520 70304 66800 0 74396 81148 61288 77464 61332 
73736 67228 74260 74160 63776 57100 56876 71176 70432 51208 74000 64396 67612 74132 56724 71064 67804 63760 73008 57492 63908 64784 67484 63064 54292 64040 74640 0 71328 57104 65636 67268 
70684 67492 75600 67876 73616 74604 70304 74216 64016 54296 70928 80036 59536 67092 67604 70936 63528 60328 69400 70168 54020 67604 67852 60852 61328 70672 77852 73204 0 67628 63568 64264 
60572 67600 71216 71044 70804 67508 74516 74388 63376 59912 54548 70700 50436 70556 63768 64420 71116 67344 63888 56468 56744 67208 73616 80036 64400 63636 70548 53900 71188 0 67760 64644 
62216 57132 70936 70152 64412 64288 67868 74396 71192 53664 74004 74264 70060 67088 63644 69152 61208 53020 67492 60696 47128 66600 64016 59548 67360 63004 67356 70668 64288 70768 0 70956 
60928 74380 74128 70292 60320 59780 62856 64264 63120 65392 70044 73880 75612 59788 51232 64660 66988 70292 66320 50060 54664 66976 71328 63756 73356 63132 64520 70812 63892 67220 64504 0 