#Region Location |--> /home/amiryousefi/MasterThesis/Codes/NAS/NPB3.3-OMP-C/CG/cg.c: .omp_outlined. :: line No: 682
0 0 0 0 0 0 0 0 0 0 0 0 0 0 0 0 0 0 0 0 0 0 0 0 0 0 0 0 0 0 0 0 
2296 0 2328 2332 2352 2316 2288 2404 2348 2272 2308 2348 2368 2332 2296 2280 2320 2368 2344 2316 2280 2316 2320 2308 2304 2336 2336 2336 2332 2292 2312 2264 
2376 2352 0 2344 2368 2336 2352 2412 2372 2368 2392 2340 2348 2292 2336 2372 2360 2368 2360 2316 2364 2344 2344 2316 2348 2316 2384 2300 2332 2456 2324 2280 
2376 2400 2344 0 2328 2316 2292 2348 2320 2316 2284 2380 2304 2320 2296 2316 2316 2296 2348 2352 2336 2336 2372 2356 2316 2320 2304 2428 2316 2324 2316 2296 
2360 2396 2400 2400 0 2360 2352 2412 2392 2372 2400 2400 2344 2440 2408 2408 2408 2368 2396 2356 2412 2344 2400 2368 2392 2368 2412 2392 2424 2404 2384 2364 
2364 2356 2348 2332 2348 0 2348 2372 2332 2392 2336 2312 2304 2324 2336 2332 2332 2360 2364 2348 2348 2364 2360 2384 2348 2332 2328 2348 2364 2340 2348 2324 
2364 2324 2368 2324 2356 2340 0 2412 2348 2348 2352 2336 2336 2372 2348 2344 2432 2324 2396 2344 2368 2372 2400 2356 2344 2328 2352 2324 2332 2348 2352 2352 
2364 2384 2336 2312 2384 2352 2312 0 2344 2340 2356 2304 2340 2336 2304 2328 2360 2320 2324 2348 2332 2332 2348 2304 2352 2376 2368 2324 2296 2376 2316 2312 
2352 2380 2360 2316 2384 2316 2308 2356 0 2380 2376 2408 2344 2368 2360 2324 2400 2336 2396 2364 2416 2396 2360 2420 2424 2400 2448 2380 2408 2376 2400 2344 
2348 2336 2348 2336 2348 2368 2320 2400 2408 0 2352 2372 2340 2344 2364 2360 2392 2328 2336 2332 2340 2376 2356 2364 2412 2356 2408 2448 2392 2372 2328 2352 
2384 2376 2408 2328 2368 2368 2320 2368 2340 2348 0 2368 2348 2384 2372 2372 2324 2336 2328 2324 2364 2392 2396 2348 2360 2376 2388 2328 2360 2356 2316 2296 
2340 2400 2352 2396 2352 2320 2324 2380 2368 2368 2336 0 2384 2408 2332 2332 2356 2320 2348 2380 2316 2352 2328 2324 2344 2328 2376 2384 2340 2352 2352 2328 
2336 2396 2356 2368 2328 2336 2320 2364 2336 2344 2368 2352 0 2452 2384 2348 2372 2348 2392 2400 2372 2408 2388 2384 2364 2416 2380 2372 2376 2348 2348 2396 
2360 2372 2304 2320 2380 2308 2320 2352 2348 2312 2356 2384 2408 0 2340 2344 2344 2312 2384 2312 2312 2336 2348 2296 2312 2328 2360 2364 2328 2320 2328 2348 
2368 2364 2408 2340 2372 2400 2356 2364 2412 2380 2384 2348 2412 2376 0 2408 2456 2384 2416 2360 2412 2372 2388 2360 2340 2388 2372 2408 2364 2388 2428 2356 
2352 2316 2368 2352 2396 2328 2320 2332 2320 2332 2372 2352 2328 2336 2352 0 2376 2344 2348 2324 2344 2328 2352 2352 2340 2304 2348 2344 2336 2320 2364 2384 
2352 2340 2388 2364 2352 2324 2344 2368 2376 2372 2344 2360 2320 2332 2412 2348 0 2360 2384 2336 2348 2356 2340 2328 2388 2404 2380 2424 2384 2424 2416 2372 
2352 2364 2388 2348 2356 2380 2316 2360 2324 2332 2340 2344 2320 2300 2336 2352 2372 0 2348 2344 2320 2304 2348 2336 2352 2324 2380 2340 2372 2344 2316 2376 
2392 2404 2384 2380 2356 2400 2344 2388 2376 2340 2368 2336 2408 2356 2392 2328 2400 2356 0 2384 2364 2368 2336 2376 2376 2360 2344 2412 2360 2376 2352 2356 
2348 2372 2332 2344 2320 2396 2312 2432 2380 2336 2328 2348 2324 2304 2328 2336 2312 2360 2352 0 2396 2320 2344 2392 2352 2328 2328 2328 2328 2468 2352 2340 
2332 2308 2364 2396 2384 2332 2328 2368 2380 2340 2380 2308 2376 2320 2364 2404 2332 2320 2360 2360 0 2356 2416 2316 2376 2400 2472 2380 2440 2452 2352 2360 
2332 2344 2324 2336 2332 2360 2352 2380 2368 2360 2348 2384 2344 2304 2320 2328 2344 2300 2344 2316 2356 0 2400 2344 2360 2372 2324 2360 2360 2364 2340 2320 
2372 2368 2344 2376 2352 2372 2332 2352 2344 2344 2360 2324 2344 2316 2304 2360 2332 2320 2300 2328 2380 2396 0 2392 2352 2312 2424 2340 2368 2328 2308 2320 
2336 2372 2328 2360 2336 2412 2340 2360 2380 2360 2368 2320 2384 2320 2340 2396 2336 2336 2356 2356 2324 2364 2384 0 2420 2332 2360 2408 2348 2336 2348 2328 
2400 2336 2312 2320 2340 2312 2312 2420 2348 2352 2312 2336 2304 2304 2312 2368 2376 2340 2400 2320 2300 2352 2332 2348 0 2364 2372 2352 2344 2380 2332 2304 
2364 2416 2348 2380 2344 2352 2324 2428 2384 2376 2372 2380 2380 2376 2420 2344 2464 2328 2380 2376 2400 2380 2372 2324 2384 0 2436 2372 2340 2376 2376 2348 
2372 2396 2372 2352 2380 2372 2328 2392 2376 2372 2392 2404 2340 2360 2344 2360 2376 2340 2332 2328 2400 2352 2452 2336 2356 2436 0 2412 2416 2372 2376 2392 
2332 2408 2308 2380 2336 2312 2316 2364 2316 2384 2312 2412 2336 2352 2392 2388 2344 2312 2408 2312 2360 2340 2340 2384 2340 2336 2348 0 2380 2344 2324 2312 
2344 2408 2392 2364 2420 2372 2328 2344 2380 2404 2408 2388 2376 2348 2356 2344 2408 2364 2368 2384 2388 2416 2420 2404 2412 2328 2484 2352 0 2484 2404 2368 
2416 2340 2412 2328 2376 2352 2320 2404 2356 2376 2344 2312 2308 2316 2368 2372 2428 2328 2328 2480 2388 2372 2316 2332 2376 2336 2352 2364 2384 0 2440 2312 
2368 2364 2328 2348 2348 2432 2332 2344 2404 2336 2324 2340 2324 2372 2396 2372 2392 2316 2344 2360 2316 2352 2312 2344 2356 2324 2344 2336 2336 2412 0 2400 
1924 1912 1900 1908 1908 1944 1916 1920 1900 1936 1900 1940 2004 1988 1924 1964 1976 1920 1944 1920 1960 1940 1936 1924 1908 1904 1992 1908 1916 1892 1932 0 