# of threads: 32
#The overall communication matrix between threads 
0 0 0 0 0 0 0 0 0 0 0 0 0 0 0 0 0 0 0 0 0 0 0 0 0 0 0 0 0 0 0 0 
1945640 0 551376 596232 193064 199104 194216 194928 231040 236016 0 2560 0 0 0 0 0 0 0 0 0 0 0 0 0 0 0 0 0 0 0 0 
1435248 1900752 0 518960 559480 150704 148272 150312 193712 191088 1632 960 0 0 0 0 0 0 0 0 0 0 0 0 0 0 0 0 0 0 0 0 
555808 1433080 1865704 0 515416 559440 149880 149104 201896 193864 824 960 0 0 0 0 0 0 0 0 0 0 0 0 0 0 0 0 0 0 0 0 
558568 560120 1397744 1865800 0 514384 517856 111392 153496 156824 104 2560 0 0 0 0 0 0 0 0 0 0 0 0 1212 0 0 0 0 0 0 0 
164448 565248 520968 1399736 1863448 0 514224 521112 155320 150568 32 1776 0 0 0 0 0 0 0 0 0 0 0 0 0 0 0 0 0 0 0 0 
189272 198624 513680 512272 1392044 1864576 0 515728 192416 195552 0 1792 0 0 0 0 0 0 0 0 0 0 0 0 0 0 0 0 0 0 0 0 
202424 195192 159120 514472 514352 1397680 1864304 0 560640 200976 816 2352 0 0 0 0 0 0 0 0 0 0 0 0 0 0 0 0 0 0 0 0 
236632 233912 189824 205920 560768 559424 672960 1903416 0 593832 808 2560 0 0 0 0 0 0 0 0 0 0 0 0 0 0 0 0 0 0 0 0 
238016 235032 196688 191688 202584 556184 193512 674320 1942904 0 403916 976 0 0 0 0 0 0 0 0 0 0 0 0 0 0 0 0 0 0 0 0 
26816 25480 26704 25856 26640 32560 25840 25840 504792 1381448 0 960 0 0 0 0 0 0 0 0 0 0 0 0 0 0 0 0 0 0 0 0 
66456 65536 65520 64856 64192 65544 65168 64648 64640 535792 816 0 0 0 0 0 0 0 0 0 0 0 0 0 0 0 0 0 0 0 0 0 
0 0 0 0 0 0 0 0 0 0 0 0 0 0 0 0 0 0 0 0 0 0 0 0 0 0 0 0 0 0 0 0 
0 0 0 0 0 0 0 0 5648 808 0 0 0 0 0 0 0 0 0 0 0 0 0 0 0 0 0 0 0 0 0 0 
0 808 0 0 0 0 0 0 0 0 0 0 0 0 0 0 0 0 0 0 0 0 0 0 0 0 0 0 0 0 0 0 
16 808 0 0 808 0 0 0 0 0 0 0 0 0 0 0 0 0 0 0 0 0 0 0 0 0 0 0 0 0 0 0 
0 0 0 0 0 0 0 0 0 0 0 0 0 0 0 0 0 0 0 0 0 0 0 0 0 0 0 0 0 0 0 0 
0 0 0 0 0 0 816 1640 0 0 0 0 0 0 0 0 0 0 0 0 0 0 0 0 0 0 0 0 0 0 0 0 
0 0 0 0 0 0 0 0 0 0 0 0 0 0 0 0 0 0 0 0 0 0 0 0 0 0 0 0 0 0 0 0 
0 0 0 0 0 0 0 0 0 0 0 0 0 0 0 0 0 0 0 0 0 0 0 0 0 0 0 0 0 0 0 0 
816 816 816 736 0 0 0 0 0 0 0 0 0 0 0 0 0 0 0 0 0 0 0 0 0 0 0 0 0 0 0 0 
0 0 816 816 816 816 808 0 808 0 0 0 0 0 0 0 0 0 0 0 0 0 0 0 0 0 0 0 0 0 0 0 
0 0 0 0 0 808 0 0 0 0 0 0 0 0 0 0 0 0 0 0 0 0 0 0 0 0 0 0 0 0 0 0 
0 0 0 0 0 0 0 0 0 0 0 0 0 0 0 0 0 0 0 0 0 0 0 0 0 0 0 0 0 0 0 0 
0 0 0 0 0 0 0 0 0 0 0 0 0 0 0 0 0 0 0 0 0 0 0 0 0 0 0 0 0 0 0 0 
816 824 2408 0 16 0 0 0 0 0 0 0 0 0 0 0 0 0 0 0 0 0 0 0 0 0 0 0 0 0 0 0 
800 0 0 0 0 0 0 0 0 0 0 0 0 0 0 0 0 0 0 0 0 0 0 0 0 0 0 0 0 0 0 0 
0 0 0 0 0 0 0 0 0 0 0 0 0 0 0 0 0 0 0 0 0 0 0 0 0 0 0 0 0 0 0 0 
0 0 0 0 0 0 0 0 0 0 16 0 0 0 0 0 0 0 0 0 0 0 0 0 0 0 0 0 0 0 0 0 
0 0 0 0 0 0 0 32 0 0 0 0 0 0 0 0 0 0 0 0 0 0 0 0 0 0 0 0 0 0 0 0 
816 816 816 0 0 0 0 0 0 808 0 0 0 0 0 0 0 0 0 0 0 0 0 0 0 0 0 0 0 0 0 0 
0 0 0 0 0 0 0 0 0 0 0 0 0 0 0 0 0 0 0 0 0 0 0 0 0 0 0 0 0 0 0 0 