#Region Location |--> /home/amiryousefi/MasterThesis/Codes/NAS/NPB3.3-OMP-C/SP/rhs.c: .omp_outlined..57 :: line No: 52
0 0 0 0 0 0 0 0 0 0 0 0 0 0 0 0 0 0 0 0 0 0 0 0 0 0 0 0 0 0 0 0 
1586560 0 442344 490152 81600 82408 83288 84024 125048 123984 0 2552 0 0 0 0 0 0 0 0 0 0 0 0 0 0 0 0 0 0 0 0 
1344024 1546096 0 402416 451200 42432 41616 40800 84608 82976 1632 960 0 0 0 0 0 0 0 0 0 0 0 0 0 0 0 0 0 0 0 0 
448928 1343136 1501456 0 401584 450440 42432 43240 89280 86408 824 960 0 0 0 0 0 0 0 0 0 0 0 0 0 0 0 0 0 0 0 0 
449776 447184 1303352 1502384 0 401320 409576 3168 44192 47296 104 2544 0 0 0 0 0 0 0 0 0 0 0 0 0 0 0 0 0 0 0 0 
55416 450440 411176 1305664 1504360 0 400744 408664 42440 42448 16 1752 0 0 0 0 0 0 0 0 0 0 0 0 0 0 0 0 0 0 0 0 
83416 88792 406408 406408 1301504 1504696 0 402648 83392 86504 0 1784 0 0 0 0 0 0 0 0 0 0 0 0 0 0 0 0 0 0 0 0 
89072 83224 48728 407120 408504 1303208 1503328 0 443536 86632 816 2344 0 0 0 0 0 0 0 0 0 0 0 0 0 0 0 0 0 0 0 0 
127416 124872 81616 92264 449528 448208 579176 1541360 0 484792 808 2560 0 0 0 0 0 0 0 0 0 0 0 0 0 0 0 0 0 0 0 0 
124104 125136 85496 85032 93704 448584 81832 579688 1581768 0 399916 976 0 0 0 0 0 0 0 0 0 0 0 0 0 0 0 0 0 0 0 0 
2576 2048 2464 1616 2400 9936 1600 1600 496712 1105080 0 960 0 0 0 0 0 0 0 0 0 0 0 0 0 0 0 0 0 0 0 0 
1816 896 880 760 360 1952 376 8 0 487312 816 0 0 0 0 0 0 0 0 0 0 0 0 0 0 0 0 0 0 0 0 0 
0 0 0 0 0 0 0 0 0 0 0 0 0 0 0 0 0 0 0 0 0 0 0 0 0 0 0 0 0 0 0 0 
0 0 0 0 0 0 0 0 0 0 0 0 0 0 0 0 0 0 0 0 0 0 0 0 0 0 0 0 0 0 0 0 
0 0 0 0 0 0 0 0 0 0 0 0 0 0 0 0 0 0 0 0 0 0 0 0 0 0 0 0 0 0 0 0 
16 0 0 0 0 0 0 0 0 0 0 0 0 0 0 0 0 0 0 0 0 0 0 0 0 0 0 0 0 0 0 0 
0 0 0 0 0 0 0 0 0 0 0 0 0 0 0 0 0 0 0 0 0 0 0 0 0 0 0 0 0 0 0 0 
0 0 0 0 0 0 816 1632 0 0 0 0 0 0 0 0 0 0 0 0 0 0 0 0 0 0 0 0 0 0 0 0 
0 0 0 0 0 0 0 0 0 0 0 0 0 0 0 0 0 0 0 0 0 0 0 0 0 0 0 0 0 0 0 0 
0 0 0 0 0 0 0 0 0 0 0 0 0 0 0 0 0 0 0 0 0 0 0 0 0 0 0 0 0 0 0 0 
816 816 816 736 0 0 0 0 0 0 0 0 0 0 0 0 0 0 0 0 0 0 0 0 0 0 0 0 0 0 0 0 
0 0 816 816 816 816 0 0 808 0 0 0 0 0 0 0 0 0 0 0 0 0 0 0 0 0 0 0 0 0 0 0 
0 0 0 0 0 0 0 0 0 0 0 0 0 0 0 0 0 0 0 0 0 0 0 0 0 0 0 0 0 0 0 0 
0 0 0 0 0 0 0 0 0 0 0 0 0 0 0 0 0 0 0 0 0 0 0 0 0 0 0 0 0 0 0 0 
0 0 0 0 0 0 0 0 0 0 0 0 0 0 0 0 0 0 0 0 0 0 0 0 0 0 0 0 0 0 0 0 
816 816 1600 0 16 0 0 0 0 0 0 0 0 0 0 0 0 0 0 0 0 0 0 0 0 0 0 0 0 0 0 0 
792 0 0 0 0 0 0 0 0 0 0 0 0 0 0 0 0 0 0 0 0 0 0 0 0 0 0 0 0 0 0 0 
0 0 0 0 0 0 0 0 0 0 0 0 0 0 0 0 0 0 0 0 0 0 0 0 0 0 0 0 0 0 0 0 
0 0 0 0 0 0 0 0 0 0 16 0 0 0 0 0 0 0 0 0 0 0 0 0 0 0 0 0 0 0 0 0 
0 0 0 0 0 0 0 0 0 0 0 0 0 0 0 0 0 0 0 0 0 0 0 0 0 0 0 0 0 0 0 0 
816 816 816 0 0 0 0 0 0 808 0 0 0 0 0 0 0 0 0 0 0 0 0 0 0 0 0 0 0 0 0 0 
0 0 0 0 0 0 0 0 0 0 0 0 0 0 0 0 0 0 0 0 0 0 0 0 0 0 0 0 0 0 0 0 