#Region Location |--> /media/norouzi/90cafd61-f918-48a5-9298-db353cb6be30/software/benchmarks/botsTemp/sort/sort.c: .omp_task_entry..3 :: line No: 351
0 0 0 0 0 0 0 0 0 0 0 0 0 0 0 0 0 0 0 0 0 0 0 0 0 0 0 0 0 0 0 0 
0 0 48 0 0 0 0 48 0 0 0 0 0 0 0 0 0 0 0 0 16 0 0 0 0 0 0 0 0 0 0 0 
11456 0 0 0 0 0 0 0 0 0 0 0 0 0 24 0 32 0 0 96 3928 0 12256 0 0 0 0 24 8 0 0 8 
0 0 0 0 0 0 0 0 0 0 0 0 0 0 0 0 0 48 0 0 0 0 0 0 0 0 0 0 48 0 0 0 
0 0 0 0 0 0 0 8 0 0 16 0 0 0 0 0 18008 16336 0 0 0 0 8 0 0 0 0 24 48 0 0 48 
0 0 0 0 0 0 0 0 0 0 0 0 0 0 0 0 0 0 0 0 0 0 0 0 0 0 0 0 0 0 0 0 
0 0 0 0 0 0 0 0 0 0 0 0 0 0 0 0 0 0 0 0 0 0 0 0 0 0 0 0 0 0 0 0 
24 0 8 0 0 0 0 0 0 0 16336 0 0 0 32 0 14080 0 0 0 0 0 0 0 0 0 0 24 32 0 0 8 
0 0 0 0 0 0 0 0 0 0 0 0 0 0 0 0 0 0 0 0 0 0 0 0 0 0 0 0 0 0 0 0 
8 56 0 0 0 0 0 14560 0 0 0 0 0 0 0 0 0 0 0 0 0 0 8 0 0 0 0 8 8 0 0 16 
24 0 8 0 96 0 0 0 0 0 0 0 0 0 16 0 2216 0 0 0 16 0 24 0 0 0 0 14096 16 0 0 12328 
0 0 0 0 0 0 0 0 0 0 18528 0 0 0 0 0 40 16 0 0 0 0 48 0 0 0 0 0 0 0 0 0 
0 0 0 48 0 0 0 0 0 0 0 0 0 0 0 0 0 0 0 0 48 0 0 0 0 0 0 0 8 0 0 0 
0 0 0 0 0 0 0 0 0 0 0 0 0 0 48 0 0 0 0 0 0 0 0 0 0 0 0 0 0 0 0 0 
22360 0 11160 0 0 0 0 8 0 0 32 0 0 0 0 0 16 0 0 8 16 0 0 0 0 0 0 56 0 0 0 8 
0 0 16344 0 0 0 0 0 0 0 32 0 0 0 48 0 16 8 0 0 21632 0 0 0 0 0 0 8 8 0 0 40 
0 0 56 0 0 0 0 8 0 0 0 0 0 0 0 0 0 0 0 0 8 0 8952 0 0 0 0 5880 8 0 0 32 
8 0 0 0 8 0 0 8 0 0 8 0 0 0 16 0 8 0 0 0 8 0 0 0 0 0 0 21648 0 0 0 18064 
0 0 0 0 0 0 0 0 0 0 48 0 0 0 0 0 8 0 0 0 0 0 0 0 0 0 0 0 0 0 0 8 
48 0 8 0 0 0 0 0 0 0 0 0 0 0 0 0 0 16680 0 0 0 0 0 0 0 0 0 0 24 0 0 0 
8 0 8 0 0 0 0 8 0 0 8 0 0 0 16304 0 8 16 0 0 0 0 8 0 0 0 0 4248 32 0 0 16 
0 0 0 0 0 0 0 0 0 0 0 0 0 0 0 0 48 0 0 0 0 0 0 0 0 0 0 8 0 0 0 0 
0 0 0 0 0 0 0 0 0 0 0 0 0 0 0 0 0 0 0 0 0 0 0 0 0 0 0 0 8 0 0 0 
0 0 0 0 0 0 0 0 0 0 0 0 0 0 0 0 0 0 0 0 0 0 0 0 0 0 0 0 0 0 0 0 
0 0 0 0 48 0 0 0 0 0 0 0 0 0 0 0 8 0 0 0 0 0 0 0 0 0 0 0 0 0 0 0 
0 0 0 0 0 0 0 8 0 0 0 0 0 0 0 0 0 0 0 0 0 0 0 0 0 0 0 8 40 0 0 0 
0 0 20352 0 0 0 0 0 0 0 0 0 0 0 0 0 0 0 0 0 0 0 0 0 0 0 0 24 0 0 0 0 
16 0 8 8 0 0 0 1520 0 0 0 0 0 0 0 0 16 0 0 0 16 0 40 0 0 0 0 0 18240 0 0 8 
0 0 0 0 0 0 0 0 0 0 0 0 0 0 0 0 0 0 0 48 0 0 8 0 0 0 0 8 0 0 0 0 
0 0 0 0 0 0 0 0 0 0 0 0 0 0 0 0 0 0 0 0 0 0 0 0 0 0 0 8 16 0 0 0 
0 0 0 0 0 0 0 0 0 0 0 0 0 0 0 0 0 0 0 0 0 0 0 0 0 0 0 0 0 0 0 0 
0 0 16 0 0 0 0 8 0 0 48 0 0 0 0 0 0 0 0 0 8 0 8 0 0 0 0 24 30400 0 0 0 

