#Region Location |--> /media/norouzi/90cafd61-f918-48a5-9298-db353cb6be30/software/benchmarks/botsTemp/sort/sort.c: .omp_task_entry..21 :: line No: 397
0 0 0 0 0 0 0 0 0 0 0 0 0 0 0 0 0 0 0 0 0 0 0 0 0 0 0 0 0 0 0 0 
0 0 0 0 8 0 8 0 0 0 0 0 0 0 0 8 0 8 0 0 8 0 0 0 0 8 0 0 0 0 0 0 
16 0 0 0 0 0 0 0 0 0 0 8 0 0 0 4096 0 0 0 0 0 0 0 0 0 8 0 0 0 0 0 0 
0 0 0 0 4088 0 16 0 0 0 0 0 0 0 0 0 0 4072 0 48 0 0 0 0 0 0 0 0 0 0 0 0 
24 0 0 0 0 0 0 8 0 0 0 24 0 0 0 0 0 8 0 40 8 0 0 0 96 0 32 8 0 0 0 0 
0 0 0 0 0 0 0 0 0 0 0 0 0 0 0 0 0 0 0 8 0 0 0 0 0 0 0 0 0 4096 0 0 
0 0 0 0 16 0 0 0 0 0 0 8 0 0 0 0 0 0 0 0 8 0 0 0 0 8 16 8 0 8 8 0 
8 0 0 0 8 0 8 0 0 0 0 8 0 0 0 0 0 0 0 8 0 0 0 0 0 0 16 0 0 0 0 0 
0 0 0 0 8 0 4072 0 0 0 0 8 0 0 0 0 0 0 0 0 0 0 0 0 0 0 0 0 0 0 0 0 
0 8 0 0 0 0 0 0 0 0 0 0 0 0 0 8 0 0 0 8 0 0 0 0 0 0 4072 0 0 0 8 0 
0 0 0 0 0 0 0 0 0 0 0 8 0 0 0 0 0 0 0 0 0 0 0 0 8 0 0 0 0 0 0 0 
8 0 0 0 0 0 0 8 0 0 0 0 0 0 0 0 0 0 0 24 0 0 0 0 0 0 40 8 0 0 0 0 
0 4080 0 0 0 0 0 0 0 0 0 4080 0 0 0 0 0 0 0 0 0 0 0 0 48 0 8 0 0 0 8 0 
16384 8 0 0 8152 0 8 0 0 0 0 0 0 0 0 0 0 0 0 8 0 0 0 0 0 0 8 0 0 0 0 0 
0 0 0 0 16 0 0 0 0 0 0 0 0 0 0 0 0 0 0 0 0 0 0 0 0 0 4040 0 0 0 0 0 
24 0 0 0 24 0 0 0 0 0 0 24 0 0 0 0 0 8 0 24 0 0 0 0 0 8 16280 0 0 0 0 0 
0 0 0 0 0 0 0 0 0 0 0 0 0 0 0 0 0 0 0 0 4080 0 0 0 0 0 56 16 0 8 0 0 
0 0 0 0 16 0 0 0 0 0 0 0 0 0 0 0 0 0 0 16240 0 0 0 0 8 0 0 0 0 0 0 0 
8 8 0 0 0 0 0 0 0 0 0 16376 0 0 0 0 0 0 0 0 0 0 0 0 0 0 8 0 0 0 8168 0 
32 8 0 0 0 0 0 0 0 0 0 0 0 0 0 4072 0 0 0 0 0 0 0 0 0 0 8 0 0 0 0 0 
0 0 0 0 8 0 0 0 0 0 0 16 0 0 0 0 0 0 0 8 0 0 0 0 0 0 8 0 0 0 0 0 
0 0 0 0 0 0 0 8184 0 0 0 0 0 0 0 0 0 0 0 8 0 0 0 0 0 0 8 0 0 0 8 0 
8 0 0 0 0 0 8168 0 0 0 0 0 0 0 0 0 0 0 0 0 8 0 0 0 0 0 8 0 0 8 0 0 
0 0 0 0 0 0 16 8 0 0 0 0 0 0 0 0 0 0 0 0 8 0 0 0 0 8 8 0 0 0 0 0 
0 0 0 0 8 0 0 0 0 0 0 0 0 0 0 0 0 0 0 0 0 0 0 0 0 0 8 0 0 8 0 0 
0 0 0 0 8 0 0 8 0 0 0 0 0 0 0 0 0 8 0 16 0 0 0 0 0 0 32 0 0 0 8 0 
0 0 0 0 8 0 0 0 0 0 0 32 0 0 0 0 0 0 0 24 0 0 0 0 0 8 0 8 0 8 0 0 
0 0 0 0 0 0 0 8 0 0 0 0 0 0 0 0 0 0 0 0 0 0 0 0 0 4080 0 0 0 0 8 0 
16272 4136 0 0 0 0 8 0 0 0 0 0 0 0 0 0 0 0 0 0 0 0 0 0 0 0 0 0 0 0 0 0 
0 0 0 0 0 0 8 0 0 0 0 0 0 0 0 0 0 0 0 16296 0 0 0 0 0 0 8 0 0 0 0 0 
0 0 0 0 4024 0 8 0 0 0 0 0 0 0 0 0 0 0 0 0 0 0 0 0 0 0 0 0 0 0 0 0 
16 0 0 0 0 0 0 0 0 0 0 16304 0 0 0 0 0 0 0 0 0 0 0 0 0 0 16 4136 0 8 0 0 

