#Region Location |--> /media/norouzi/90cafd61-f918-48a5-9298-db353cb6be30/software/benchmarks/botsTemp/sort/sort.c: .omp_task_entry..18 :: line No: 395
0 0 0 0 0 0 0 0 0 0 0 0 0 0 0 0 0 0 0 0 0 0 0 0 0 0 0 0 0 0 0 0 
0 0 0 0 0 0 0 0 0 0 0 0 0 0 0 16192 0 0 0 0 0 0 0 16 0 0 0 0 0 0 16 0 
0 0 0 0 0 4088 0 0 0 0 0 0 0 0 0 8 0 0 0 0 16 0 0 0 0 0 0 0 8 0 8 0 
8 0 0 0 32 0 0 0 0 0 0 0 0 0 0 0 0 0 0 0 0 0 0 0 0 0 0 0 0 0 0 0 
40 0 0 8 0 0 0 40 0 0 0 0 0 0 8 48 0 0 0 0 48 0 0 0 0 0 0 0 0 0 0 0 
0 0 0 0 0 0 0 0 0 0 0 0 4088 0 0 8 0 0 0 0 0 0 0 4032 0 0 0 0 0 0 8 0 
16 8 0 0 16264 8 0 0 0 0 0 0 0 0 0 0 0 0 0 0 0 0 0 0 0 0 0 0 0 0 0 0 
4096 0 0 0 16 0 0 0 0 0 0 0 0 0 4088 0 0 0 0 0 8 0 0 0 0 0 0 0 0 0 0 0 
0 0 0 0 0 0 8 0 0 0 0 0 0 0 0 4064 0 0 0 0 0 0 0 0 0 0 0 0 0 0 4072 0 
0 0 0 0 0 4080 8 0 0 0 0 0 0 0 0 4088 0 0 0 0 0 0 0 8 0 0 0 0 0 0 8 0 
0 0 4056 0 0 0 0 0 0 0 0 0 0 0 0 8 0 0 0 0 0 0 0 4072 4104 0 0 0 0 0 0 0 
0 0 4080 0 8 0 0 16224 0 0 0 0 8 0 8 16 8 0 0 0 24 0 0 8 0 0 0 0 0 0 0 0 
0 0 0 0 0 0 0 8 0 0 0 0 0 0 0 0 8 0 0 0 0 0 0 8 4088 0 0 0 32 0 8 0 
0 0 0 8 8 0 0 0 0 0 0 0 32 0 0 8 0 0 0 0 40 0 0 0 0 0 0 0 0 0 0 0 
4080 0 0 0 16 8 0 0 0 0 0 0 0 0 0 0 8 0 0 0 0 0 0 0 0 0 0 0 8 0 0 0 
0 0 24 8 8 0 0 32 0 0 0 0 0 0 0 0 0 0 0 0 32 0 0 0 8 0 0 0 96 0 0 0 
0 4080 0 0 0 0 0 0 0 0 0 0 0 0 0 32 0 0 0 0 0 0 0 16 0 0 0 0 0 0 0 0 
0 0 0 4104 24 0 0 8 0 0 0 0 0 0 0 0 8 0 0 0 0 0 0 0 0 0 0 0 0 0 0 0 
8 0 0 0 8 0 0 48 0 0 0 0 0 0 0 8 0 0 0 0 16 0 0 0 4120 0 0 0 0 0 0 0 
0 0 8 0 0 0 0 16 0 0 0 0 0 0 4080 4088 8 0 0 0 32 0 0 0 0 0 0 0 0 0 0 0 
0 0 0 0 16 0 0 16 0 0 0 0 0 0 0 16320 32 0 0 0 0 0 0 0 0 0 0 0 0 0 0 0 
0 0 0 0 16 0 0 16288 0 0 0 0 0 0 32 0 0 0 0 0 8 0 0 0 0 0 0 0 0 0 0 0 
0 0 0 0 8 32 0 0 0 0 0 0 0 0 0 8 0 0 0 0 16288 0 0 8 0 0 0 0 0 0 0 0 
0 0 8 8 8 0 0 0 0 0 0 0 0 0 0 0 4040 0 0 0 0 0 0 0 4056 0 0 0 0 0 0 0 
0 0 0 0 8 0 4088 0 0 0 0 0 4080 0 0 0 0 0 0 0 0 0 0 0 0 0 0 0 0 0 0 0 
0 0 0 4072 8 8 0 8 0 0 0 0 0 0 0 24 0 0 0 0 16232 0 0 0 0 0 0 0 0 0 32 0 
0 0 16 0 16 0 8 32 0 0 0 0 0 0 0 8 0 0 0 0 16 0 0 0 32 0 0 0 0 0 0 0 
4096 0 0 0 8 0 0 0 0 0 0 0 0 0 8 8 0 0 0 0 0 0 0 0 8 0 0 0 0 0 0 0 
32 0 0 0 16 0 0 8 0 0 0 0 0 0 0 4088 0 0 0 0 0 0 0 8 0 0 0 0 0 0 0 0 
0 0 8 0 16 0 0 0 0 0 0 0 8 0 0 24 0 0 0 0 0 0 0 32 8 0 0 0 0 0 0 0 
0 0 0 0 0 0 0 0 0 0 0 0 0 0 0 0 0 0 0 0 16 0 0 8 0 0 0 0 0 0 0 0 
0 0 0 0 24 0 4080 32 0 0 0 0 0 0 0 40 4096 0 0 0 0 0 0 0 8 0 0 0 0 0 0 0 

