#Region Location |--> /media/norouzi/90cafd61-f918-48a5-9298-db353cb6be30/software/benchmarks/botsTemp/sort/sort.c: .omp_task_entry. :: line No: 349
0 0 0 0 0 0 0 0 0 0 0 0 0 0 0 0 0 0 0 0 0 0 0 0 0 0 0 0 0 0 0 0 
0 0 0 0 40 0 0 0 0 0 0 0 0 0 0 0 0 0 0 0 0 0 0 0 0 0 0 0 0 0 0 0 
0 0 0 0 6856 0 0 8 0 16 8 8 0 0 0 48 0 13088 0 0 64 0 0 0 0 0 88 0 0 0 0 0 
0 0 0 0 40 0 0 0 0 48 0 0 0 0 0 8 0 0 0 0 0 0 0 0 0 0 0 0 0 0 0 0 
0 0 0 0 0 0 0 40 0 3312 10904 0 0 0 40 40 0 0 0 0 0 96 0 0 0 0 0 0 0 0 0 0 
0 0 0 0 0 0 0 0 0 0 0 0 0 0 0 0 0 0 0 0 0 0 0 0 0 0 0 0 0 0 0 0 
0 0 0 0 0 0 0 0 0 24 0 0 0 0 0 0 0 0 0 0 0 0 0 0 0 0 0 0 0 0 0 0 
0 0 0 0 8 0 0 0 0 24 16296 0 0 0 0 48 0 16 0 0 0 8 0 0 0 24 0 0 0 0 0 0 
0 0 0 0 0 0 0 0 0 0 0 0 0 0 0 0 0 0 0 0 0 0 0 0 0 0 0 0 0 0 0 0 
0 0 0 0 4120 0 0 0 0 0 0 40 0 0 0 16 0 0 0 0 0 0 0 0 0 0 0 0 0 8 0 0 
0 0 0 0 0 0 0 8 0 10136 0 0 0 0 8 0 0 24 0 0 8 0 0 0 0 14792 8 0 0 8632 0 96 
0 0 0 0 32 0 0 14088 0 0 0 0 0 0 0 32 0 0 0 0 40 0 0 0 0 0 0 0 0 0 0 0 
0 0 0 0 0 0 0 0 0 0 0 0 0 0 0 40 0 0 0 0 0 0 0 0 0 8 0 0 0 0 0 40 
0 0 0 0 0 0 0 0 0 0 0 0 0 0 0 48 0 8 0 0 0 0 0 0 0 0 0 0 0 0 0 0 
0 0 0 0 0 0 0 0 0 72 8 0 0 0 0 40 0 2840 0 0 0 0 0 0 0 0 8 0 0 0 0 0 
0 0 0 0 32 0 0 32 0 48 16 0 96 0 0 0 0 8352 0 0 0 0 0 0 0 27480 0 0 0 0 0 0 
0 0 0 0 11984 0 0 0 0 104 8 88 0 0 0 40 0 0 0 0 7512 0 0 0 0 16 0 0 0 0 0 0 
0 0 0 0 40 0 0 24 0 5152 16 0 0 0 88 16 0 0 0 0 12216 0 0 0 0 32 0 0 0 0 0 0 
0 0 0 0 0 0 0 40 0 0 0 0 0 0 0 8 0 0 0 0 0 0 0 0 0 0 0 0 0 0 0 0 
0 0 0 0 15936 0 0 0 0 0 0 0 0 0 0 40 0 0 0 0 0 0 0 0 0 0 40 0 0 0 0 0 
0 0 0 0 40 0 0 16 0 0 0 0 0 0 0 16320 0 0 0 0 0 0 0 0 0 5080 0 0 0 16344 0 8 
0 0 0 0 8 0 0 0 0 8 40 0 0 0 0 0 0 0 0 0 0 0 0 0 0 0 0 0 0 0 0 0 
0 0 0 0 56 0 0 0 0 0 0 0 0 0 0 0 0 16 0 0 0 0 0 0 0 24 0 0 0 0 0 0 
0 0 0 0 0 0 0 0 0 0 0 0 0 0 0 0 0 0 0 0 0 0 0 0 0 0 0 0 0 0 0 0 
0 0 0 0 8 0 0 0 0 0 0 0 0 0 0 0 0 0 0 0 0 40 0 0 0 0 0 0 0 0 0 0 
0 0 0 0 0 0 0 0 0 0 0 0 0 0 0 0 0 0 0 0 0 0 0 0 0 0 0 0 0 8 0 0 
0 0 0 0 24 0 0 0 0 0 0 0 0 0 0 12352 0 40 0 0 8 0 0 0 0 0 0 0 0 0 0 0 
0 0 0 0 24 0 0 0 0 0 32 0 0 0 0 0 0 8 0 0 8 0 0 0 0 64 0 0 0 8 0 0 
0 0 0 0 0 0 0 0 0 0 0 0 40 0 0 0 0 0 0 0 0 0 0 0 0 40 0 0 0 8 0 0 
0 0 0 0 8 0 0 0 0 0 0 0 0 0 0 0 0 0 0 0 0 0 0 0 0 32 0 0 0 0 0 0 
0 0 0 0 0 0 0 0 0 0 0 0 0 0 0 0 0 0 0 0 0 0 0 0 0 0 0 0 0 0 0 0 
0 0 0 0 24 0 0 0 0 8 0 0 0 0 0 16 0 16 0 0 0 0 0 0 0 64 0 0 0 0 0 0 

