#The overall communication matrix between threads 
0 0 0 0 0 0 0 0 0 0 0 0 0 0 0 0 0 0 0 0 0 0 0 0 0 0 0 0 0 0 0 0 
64 0 48 8 48 0 16 48 16 8 0 0 8 16 0 16208 32 16 0 16 24 0 0 16 0 8 8 8 8184 8 16 8 
11472 0 0 0 6856 4088 0 8 0 16 8 8168 0 0 24 4160 32 13088 0 96 4016 0 12264 0 0 16 88 24 16 0 8 16 
8 16 0 0 4184 0 40 0 0 48 0 0 0 0 8 8 0 12304 8 48 8 0 0 0 0 48 0 0 48 24 0 0 
64 0 0 48 0 0 0 120 0 3312 10920 24 0 8176 48 96 18008 16352 0 40 56 96 16 0 96 0 32 56 56 0 32 80 
0 0 0 0 0 0 0 0 0 8 0 8 4096 8 0 8 8 0 0 8 0 8 8176 4032 0 16 0 0 0 4112 16 0 
32 8 0 8 16280 8 0 0 0 24 8 40 8 8 0 8 0 0 16 0 8 16 8184 0 24 16 16 16 0 8 8 24 
4128 0 8 0 32 0 8 0 0 24 32632 8 0 0 4120 48 14080 16 8 8 8 8168 0 0 0 32 16 24 40 0 0 8 
0 8 0 0 8 0 4080 0 0 0 8 16 24 0 0 4064 0 0 0 0 0 0 0 0 0 0 8 8 0 8 4072 0 
8 72 0 0 4120 4080 8 14568 0 0 0 40 24 0 0 4120 0 8 0 8 0 0 8 8 0 0 4080 8 8 8 16 32 
24 0 4064 0 96 0 8 8 0 10136 0 8 0 0 24 8 2248 24 0 8 24 0 24 4072 4112 14816 24 14096 16 8640 0 12424 
16 0 4080 0 40 0 16 30320 0 0 18560 0 32 0 8 48 48 16 120 32 72 0 56 8 0 8 40 24 8 0 0 0 
0 4088 0 80 0 0 8 8 16 24 0 4080 0 8184 0 48 32 0 24 0 48 8 0 8 4136 8 8 8 40 8 16 72 
16384 16 0 8 8160 24 8 0 8 8 0 0 32 0 48 56 8 8 16 24 48 0 24 16 32 24 8 0 24 0 0 16 
26440 0 11160 0 32 8 0 8 0 72 40 0 0 0 0 40 40 2840 8 8 16 8160 0 16 0 0 4048 72 8 0 8 8 
24 8 16392 8 80 0 0 64 24 56 56 24 104 8 48 0 24 8376 8 64 21688 0 8 0 8 27496 16280 8 136 0 0 8184 
32 4104 56 0 11984 40 0 8 0 104 24 88 104 8 8 104 0 0 0 0 19736 0 8952 16 0 16 88 5896 8 8 0 32 
8 0 0 4128 96 0 0 40 0 5152 24 0 8 0 104 16 16 0 0 16240 12248 8 8 0 8 56 16 21648 0 32 0 18064 
16 8 0 0 8 0 0 88 0 8 72 16416 0 0 0 24 8 0 0 0 16 32 8 0 4120 24 8 0 0 0 8168 40 
80 24 16 96 15936 0 0 16 0 8 0 0 0 8 4080 8208 8 16680 0 0 40 0 0 16 0 0 48 8 24 8 0 8 
24 0 8 0 64 32 0 40 0 0 8 24 0 16 16304 32648 64 24 0 16 0 0 16 24 0 5088 8 4248 32 16352 8 56 
0 0 0 8 24 8 8 24496 0 8 40 16 0 0 32 0 48 0 0 40 8 0 0 0 0 16 16 16 8 0 8 8 
8 0 24 0 72 40 8176 0 24 24 0 0 0 0 0 8 0 16 8 0 16296 8 0 8 0 24 8 0 16 8 8 8 
0 0 8 8 8 0 16 8 0 0 16 0 8 16 16 0 4040 8 0 8 8 0 0 0 4056 8 8 48 0 8160 0 0 
0 0 0 0 80 0 4088 0 16 8 8 8 4080 0 0 0 8 8 8160 0 8 48 0 0 0 8 8136 0 0 8 0 0 
0 0 24 4096 16 8 0 24 24 0 32 0 0 16 0 24 0 8 8 16 16232 0 8 8 8 0 32 32 40 8 64 16 
0 0 20368 0 48 0 8 32 0 24 8 32 24 0 32 12368 96 40 0 24 24 0 0 24 32 8 0 48 0 8 0 0 
4112 0 8 8 32 0 0 1528 0 0 32 0 0 0 8 8 16 8 0 0 24 0 40 0 8 4152 8 0 18240 16 8 8160 
16328 4136 0 0 16 0 8 8 0 0 8 16 64 0 24 4088 0 0 0 56 0 0 24 8 0 48 0 8 0 8 0 8 
0 0 8 0 24 88 8 0 8 8 32 0 16 0 0 24 0 8 0 16296 0 0 8 56 8 32 8 8 16 0 0 8 
0 0 0 8 4040 0 8 8 0 8 0 0 0 8 0 0 0 0 8168 0 32 0 0 8 0 8120 0 0 8 0 0 0 
16 0 16 0 56 0 4080 40 0 56 48 16304 8 8 0 56 4096 16 0 24 8 0 8 0 8 64 16 4184 30400 8 0 0 

