0 0 0 0 0 0 0 0 0 0 0 0 0 0 0 0 0 0 0 0 0 0 0 0 0 0 0 0 0 0 0 0 
$38649,38667,38673,38691 0 0 0 0 0 0 0 0 0 0 0 0 0 0 0 0 0 0 0 0 0 0 0 0 0 0 0 0 0 0 0 
$38695,38697,38699,38701 0 0 0 0 0 0 0 0 0 0 0 0 0 0 0 0 0 0 0 0 0 0 0 0 0 0 0 0 0 0 0 
0 0 $38630,38656,38665,38672 0 0 0 0 0 0 0 0 0 0 0 0 0 0 0 0 0 0 0 0 0 0 0 0 0 0 0 0 0 
$38703,38705,38707,38709 0 0 0 0 0 0 0 0 0 0 0 0 0 0 0 0 0 0 0 0 0 0 0 0 0 0 0 0 0 0 0 
0 0 0 0 $38647,38653,38655,38659 0 0 0 0 0 0 0 0 0 0 0 0 0 0 0 0 0 0 0 0 0 0 0 0 0 0 0 
0 0 0 0 $38674,38683,38686,38689 0 0 0 0 0 0 0 0 0 0 0 0 0 0 0 0 0 0 0 0 0 0 0 0 0 0 0 
0 0 0 0 0 0 $38638,38640,38646,38654 0 0 0 0 0 0 0 0 0 0 0 0 0 0 0 0 0 0 0 0 0 0 0 0 0 
$38711,38712,38713,38714 0 0 0 0 0 0 0 0 0 0 0 0 0 0 0 0 0 0 0 0 0 0 0 0 0 0 0 0 0 0 0 
0 0 0 0 0 0 0 0 $38624,38641,38669,38671 0 0 0 0 0 0 0 0 0 0 0 0 0 0 0 0 0 0 0 0 0 0 0 
0 0 0 0 0 0 0 0 $38678,38685,38687,38693 0 0 0 0 0 0 0 0 0 0 0 0 0 0 0 0 0 0 0 0 0 0 0 
0 0 0 0 0 0 0 0 0 0 $38651,38658,38670,38675 0 0 0 0 0 0 0 0 0 0 0 0 0 0 0 0 0 0 0 0 0 
0 0 0 0 0 0 0 0 $38704,38706,38708,38710 0 0 0 0 0 0 0 0 0 0 0 0 0 0 0 0 0 0 0 0 0 0 0 
0 0 0 0 0 0 0 0 0 0 0 0 $38642,38648,38652,38664 0 0 0 0 0 0 0 0 0 0 0 0 0 0 0 0 0 0 0 
0 0 0 0 0 0 0 0 0 0 0 0 $38696,38698,38700,38702 0 0 0 0 0 0 0 0 0 0 0 0 0 0 0 0 0 0 0 
0 0 0 0 0 0 0 0 0 0 0 0 0 0 $38657,38666,38692,38694 0 0 0 0 0 0 0 0 0 0 0 0 0 0 0 0 0 
$38735,38736,38737,38738 0 0 0 0 0 0 0 0 0 0 0 0 0 0 0 0 0 0 0 0 0 0 0 0 0 0 0 0 0 0 0 
0 0 0 0 0 0 0 0 0 0 0 0 0 0 0 0 $38627,38632,38634,38636 0 0 0 0 0 0 0 0 0 0 0 0 0 0 0 
0 0 0 0 0 0 0 0 0 0 0 0 0 0 0 0 $38676,38679,38681,38690 0 0 0 0 0 0 0 0 0 0 0 0 0 0 0 
0 0 0 0 0 0 0 0 0 0 0 0 0 0 0 0 0 0 $38644,38661,38663,38668 0 0 0 0 0 0 0 0 0 0 0 0 0 
0 0 0 0 0 0 0 0 0 0 0 0 0 0 0 0 $38727,38728,38729,38730 0 0 0 0 0 0 0 0 0 0 0 0 0 0 0 
0 0 0 0 0 0 0 0 0 0 0 0 0 0 0 0 0 0 0 0 $38715,38716,38717,38718 0 0 0 0 0 0 0 0 0 0 0 
0 0 0 0 0 0 0 0 0 0 0 0 0 0 0 0 0 0 0 0 $38723,38724,38725,38726 0 0 0 0 0 0 0 0 0 0 0 
0 0 0 0 0 0 0 0 0 0 0 0 0 0 0 0 0 0 0 0 0 0 $38719,38720,38721,38722 0 0 0 0 0 0 0 0 0 
0 0 0 0 0 0 0 0 0 0 0 0 0 0 0 0 $38731,38732,38733,38734 0 0 0 0 0 0 0 0 0 0 0 0 0 0 0 
0 0 0 0 0 0 0 0 0 0 0 0 0 0 0 0 0 0 0 0 0 0 0 0 $38621,38623,38626,38628 0 0 0 0 0 0 0 
0 0 0 0 0 0 0 0 0 0 0 0 0 0 0 0 0 0 0 0 0 0 0 0 $38643,38645,38660,38662 0 0 0 0 0 0 0 
0 0 0 0 0 0 0 0 0 0 0 0 0 0 0 0 0 0 0 0 0 0 0 0 0 0 $38631,38633,38635,38637 0 0 0 0 0 
0 0 0 0 0 0 0 0 0 0 0 0 0 0 0 0 0 0 0 0 0 0 0 0 $38680,38682,38684,38688 0 0 0 0 0 0 0 
0 0 0 0 0 0 0 0 0 0 0 0 0 0 0 0 0 0 0 0 0 0 0 0 0 0 0 0 $38619,38620,38622,38625 0 0 0 
0 0 0 0 0 0 0 0 0 0 0 0 0 0 0 0 0 0 0 0 0 0 0 0 0 0 0 0 $38629,38639,38650,38677 0 0 0 
0 0 0 0 0 0 0 0 0 0 0 0 0 0 0 0 0 0 0 0 0 0 0 0 0 0 0 0 0 0 $38615,38616,38617,38618 0 

Region Location |--> /home/amiryousefi/MasterThesis/Codes/NAS/NPB3.3-OMP-C/CG/cg.c: .omp.reduction.reduction_func.26 :: line No: 352
0 0 0 0 0 0 0 0 0 0 0 0 0 0 0 0 0 0 0 0 0 0 0 0 0 0 0 0 0 0 0 0 
$38649,38667,38673,38691,38649,38667,38673,38691,38649,38667,38673,38691,38649,38667,38673,38691,38649,38667,38673,38691,38649,38667,38673,38691,38649,38667,38673,38691,38649,38667,38673,38691,38649,38667,38673,38691,38649,38667,38673,38691,38649,38667,38673,38691,38649,38667,38673,38691,38649,38667,38673,38691,38649,38667,38673,38691,38649,38667,38673,38691 0 0 0 0 0 0 0 0 0 0 0 0 0 0 0 0 0 0 0 0 0 0 0 0 0 0 0 0 0 0 0 
$38695,38697,38699,38701,38695,38697,38699,38701,38695,38697,38699,38701,38695,38697,38699,38701,38695,38697,38699,38701,38695,38697,38699,38701,38695,38697,38699,38701,38695,38697,38699,38701,38695,38697,38699,38701,38695,38697,38699,38701,38695,38697,38699,38701,38695,38697,38699,38701,38695,38697,38699,38701,38695,38697,38699,38701,38695,38697,38699,38701 0 0 0 0 0 0 0 0 0 0 0 0 0 0 0 0 0 0 0 0 0 0 0 0 0 0 0 0 0 0 0 
0 0 $38630,38656,38665,38672,38630,38656,38665,38672,38630,38656,38665,38672,38630,38656,38665,38672,38630,38656,38665,38672,38630,38656,38665,38672,38630,38656,38665,38672,38630,38656,38665,38672,38630,38656,38665,38672,38630,38656,38665,38672,38630,38656,38665,38672,38630,38656,38665,38672,38630,38656,38665,38672,38630,38656,38665,38672,38630,38656,38665,38672 0 0 0 0 0 0 0 0 0 0 0 0 0 0 0 0 0 0 0 0 0 0 0 0 0 0 0 0 0 
$38703,38705,38707,38709,38703,38705,38707,38709,38703,38705,38707,38709,38703,38705,38707,38709,38703,38705,38707,38709,38703,38705,38707,38709,38703,38705,38707,38709,38703,38705,38707,38709,38703,38705,38707,38709,38703,38705,38707,38709,38703,38705,38707,38709,38703,38705,38707,38709,38703,38705,38707,38709,38703,38705,38707,38709,38703,38705,38707,38709 0 0 0 0 0 0 0 0 0 0 0 0 0 0 0 0 0 0 0 0 0 0 0 0 0 0 0 0 0 0 0 
0 0 0 0 $38647,38653,38655,38659,38647,38653,38655,38659,38647,38653,38655,38659,38647,38653,38655,38659,38647,38653,38655,38659,38647,38653,38655,38659,38647,38653,38655,38659,38647,38653,38655,38659,38647,38653,38655,38659,38647,38653,38655,38659,38647,38653,38655,38659,38647,38653,38655,38659,38647,38653,38655,38659,38647,38653,38655,38659,38647,38653,38655,38659 0 0 0 0 0 0 0 0 0 0 0 0 0 0 0 0 0 0 0 0 0 0 0 0 0 0 0 
0 0 0 0 $38674,38683,38686,38689,38674,38683,38686,38689,38674,38683,38686,38689,38674,38683,38686,38689,38674,38683,38686,38689,38674,38683,38686,38689,38674,38683,38686,38689,38674,38683,38686,38689,38674,38683,38686,38689,38674,38683,38686,38689,38674,38683,38686,38689,38674,38683,38686,38689,38674,38683,38686,38689,38674,38683,38686,38689,38674,38683,38686,38689 0 0 0 0 0 0 0 0 0 0 0 0 0 0 0 0 0 0 0 0 0 0 0 0 0 0 0 
0 0 0 0 0 0 $38638,38640,38646,38654,38638,38640,38646,38654,38638,38640,38646,38654,38638,38640,38646,38654,38638,38640,38646,38654,38638,38640,38646,38654,38638,38640,38646,38654,38638,38640,38646,38654,38638,38640,38646,38654,38638,38640,38646,38654,38638,38640,38646,38654,38638,38640,38646,38654,38638,38640,38646,38654,38638,38640,38646,38654,38638,38640,38646,38654 0 0 0 0 0 0 0 0 0 0 0 0 0 0 0 0 0 0 0 0 0 0 0 0 0 
$38711,38712,38713,38714,38711,38712,38713,38714,38711,38712,38713,38714,38711,38712,38713,38714,38711,38712,38713,38714,38711,38712,38713,38714,38711,38712,38713,38714,38711,38712,38713,38714,38711,38712,38713,38714,38711,38712,38713,38714,38711,38712,38713,38714,38711,38712,38713,38714,38711,38712,38713,38714,38711,38712,38713,38714,38711,38712,38713,38714 0 0 0 0 0 0 0 0 0 0 0 0 0 0 0 0 0 0 0 0 0 0 0 0 0 0 0 0 0 0 0 
0 0 0 0 0 0 0 0 $38624,38641,38669,38671,38624,38641,38669,38671,38624,38641,38669,38671,38624,38641,38669,38671,38624,38641,38669,38671,38624,38641,38669,38671,38624,38641,38669,38671,38624,38641,38669,38671,38624,38641,38669,38671,38624,38641,38669,38671,38624,38641,38669,38671,38624,38641,38669,38671,38624,38641,38669,38671,38624,38641,38669,38671,38624,38641,38669,38671 0 0 0 0 0 0 0 0 0 0 0 0 0 0 0 0 0 0 0 0 0 0 0 
0 0 0 0 0 0 0 0 $38678,38685,38687,38693,38678,38685,38687,38693,38678,38685,38687,38693,38678,38685,38687,38693,38678,38685,38687,38693,38678,38685,38687,38693,38678,38685,38687,38693,38678,38685,38687,38693,38678,38685,38687,38693,38678,38685,38687,38693,38678,38685,38687,38693,38678,38685,38687,38693,38678,38685,38687,38693,38678,38685,38687,38693,38678,38685,38687,38693 0 0 0 0 0 0 0 0 0 0 0 0 0 0 0 0 0 0 0 0 0 0 0 
0 0 0 0 0 0 0 0 0 0 $38651,38658,38670,38675,38651,38658,38670,38675,38651,38658,38670,38675,38651,38658,38670,38675,38651,38658,38670,38675,38651,38658,38670,38675,38651,38658,38670,38675,38651,38658,38670,38675,38651,38658,38670,38675,38651,38658,38670,38675,38651,38658,38670,38675,38651,38658,38670,38675,38651,38658,38670,38675,38651,38658,38670,38675,38651,38658,38670,38675 0 0 0 0 0 0 0 0 0 0 0 0 0 0 0 0 0 0 0 0 0 
0 0 0 0 0 0 0 0 $38704,38706,38708,38710,38704,38706,38708,38710,38704,38706,38708,38710,38704,38706,38708,38710,38704,38706,38708,38710,38704,38706,38708,38710,38704,38706,38708,38710,38704,38706,38708,38710,38704,38706,38708,38710,38704,38706,38708,38710,38704,38706,38708,38710,38704,38706,38708,38710,38704,38706,38708,38710,38704,38706,38708,38710,38704,38706,38708,38710 0 0 0 0 0 0 0 0 0 0 0 0 0 0 0 0 0 0 0 0 0 0 0 
0 0 0 0 0 0 0 0 0 0 0 0 $38642,38648,38652,38664,38642,38648,38652,38664,38642,38648,38652,38664,38642,38648,38652,38664,38642,38648,38652,38664,38642,38648,38652,38664,38642,38648,38652,38664,38642,38648,38652,38664,38642,38648,38652,38664,38642,38648,38652,38664,38642,38648,38652,38664,38642,38648,38652,38664,38642,38648,38652,38664,38642,38648,38652,38664,38642,38648,38652,38664 0 0 0 0 0 0 0 0 0 0 0 0 0 0 0 0 0 0 0 
0 0 0 0 0 0 0 0 0 0 0 0 $38696,38698,38700,38702,38696,38698,38700,38702,38696,38698,38700,38702,38696,38698,38700,38702,38696,38698,38700,38702,38696,38698,38700,38702,38696,38698,38700,38702,38696,38698,38700,38702,38696,38698,38700,38702,38696,38698,38700,38702,38696,38698,38700,38702,38696,38698,38700,38702,38696,38698,38700,38702,38696,38698,38700,38702,38696,38698,38700,38702 0 0 0 0 0 0 0 0 0 0 0 0 0 0 0 0 0 0 0 
0 0 0 0 0 0 0 0 0 0 0 0 0 0 $38657,38666,38692,38694,38657,38666,38692,38694,38657,38666,38692,38694,38657,38666,38692,38694,38657,38666,38692,38694,38657,38666,38692,38694,38657,38666,38692,38694,38657,38666,38692,38694,38657,38666,38692,38694,38657,38666,38692,38694,38657,38666,38692,38694,38657,38666,38692,38694,38657,38666,38692,38694,38657,38666,38692,38694,38657,38666,38692,38694 0 0 0 0 0 0 0 0 0 0 0 0 0 0 0 0 0 
$38735,38736,38737,38738,38735,38736,38737,38738,38735,38736,38737,38738,38735,38736,38737,38738,38735,38736,38737,38738,38735,38736,38737,38738,38735,38736,38737,38738,38735,38736,38737,38738,38735,38736,38737,38738,38735,38736,38737,38738,38735,38736,38737,38738,38735,38736,38737,38738,38735,38736,38737,38738,38735,38736,38737,38738,38735,38736,38737,38738 0 0 0 0 0 0 0 0 0 0 0 0 0 0 0 0 0 0 0 0 0 0 0 0 0 0 0 0 0 0 0 
0 0 0 0 0 0 0 0 0 0 0 0 0 0 0 0 $38627,38632,38634,38636,38627,38632,38634,38636,38627,38632,38634,38636,38627,38632,38634,38636,38627,38632,38634,38636,38627,38632,38634,38636,38627,38632,38634,38636,38627,38632,38634,38636,38627,38632,38634,38636,38627,38632,38634,38636,38627,38632,38634,38636,38627,38632,38634,38636,38627,38632,38634,38636,38627,38632,38634,38636,38627,38632,38634,38636 0 0 0 0 0 0 0 0 0 0 0 0 0 0 0 
0 0 0 0 0 0 0 0 0 0 0 0 0 0 0 0 $38676,38679,38681,38690,38676,38679,38681,38690,38676,38679,38681,38690,38676,38679,38681,38690,38676,38679,38681,38690,38676,38679,38681,38690,38676,38679,38681,38690,38676,38679,38681,38690,38676,38679,38681,38690,38676,38679,38681,38690,38676,38679,38681,38690,38676,38679,38681,38690,38676,38679,38681,38690,38676,38679,38681,38690,38676,38679,38681,38690 0 0 0 0 0 0 0 0 0 0 0 0 0 0 0 
0 0 0 0 0 0 0 0 0 0 0 0 0 0 0 0 0 0 $38644,38661,38663,38668,38644,38661,38663,38668,38644,38661,38663,38668,38644,38661,38663,38668,38644,38661,38663,38668,38644,38661,38663,38668,38644,38661,38663,38668,38644,38661,38663,38668,38644,38661,38663,38668,38644,38661,38663,38668,38644,38661,38663,38668,38644,38661,38663,38668,38644,38661,38663,38668,38644,38661,38663,38668,38644,38661,38663,38668 0 0 0 0 0 0 0 0 0 0 0 0 0 
0 0 0 0 0 0 0 0 0 0 0 0 0 0 0 0 $38727,38728,38729,38730,38727,38728,38729,38730,38727,38728,38729,38730,38727,38728,38729,38730,38727,38728,38729,38730,38727,38728,38729,38730,38727,38728,38729,38730,38727,38728,38729,38730,38727,38728,38729,38730,38727,38728,38729,38730,38727,38728,38729,38730,38727,38728,38729,38730,38727,38728,38729,38730,38727,38728,38729,38730,38727,38728,38729,38730 0 0 0 0 0 0 0 0 0 0 0 0 0 0 0 
0 0 0 0 0 0 0 0 0 0 0 0 0 0 0 0 0 0 0 0 $38715,38716,38717,38718,38715,38716,38717,38718,38715,38716,38717,38718,38715,38716,38717,38718,38715,38716,38717,38718,38715,38716,38717,38718,38715,38716,38717,38718,38715,38716,38717,38718,38715,38716,38717,38718,38715,38716,38717,38718,38715,38716,38717,38718,38715,38716,38717,38718,38715,38716,38717,38718,38715,38716,38717,38718,38715,38716,38717,38718 0 0 0 0 0 0 0 0 0 0 0 
0 0 0 0 0 0 0 0 0 0 0 0 0 0 0 0 0 0 0 0 $38723,38724,38725,38726,38723,38724,38725,38726,38723,38724,38725,38726,38723,38724,38725,38726,38723,38724,38725,38726,38723,38724,38725,38726,38723,38724,38725,38726,38723,38724,38725,38726,38723,38724,38725,38726,38723,38724,38725,38726,38723,38724,38725,38726,38723,38724,38725,38726,38723,38724,38725,38726,38723,38724,38725,38726,38723,38724,38725,38726 0 0 0 0 0 0 0 0 0 0 0 
0 0 0 0 0 0 0 0 0 0 0 0 0 0 0 0 0 0 0 0 0 0 $38719,38720,38721,38722,38719,38720,38721,38722,38719,38720,38721,38722,38719,38720,38721,38722,38719,38720,38721,38722,38719,38720,38721,38722,38719,38720,38721,38722,38719,38720,38721,38722,38719,38720,38721,38722,38719,38720,38721,38722,38719,38720,38721,38722,38719,38720,38721,38722,38719,38720,38721,38722,38719,38720,38721,38722,38719,38720,38721,38722 0 0 0 0 0 0 0 0 0 
0 0 0 0 0 0 0 0 0 0 0 0 0 0 0 0 $38731,38732,38733,38734,38731,38732,38733,38734,38731,38732,38733,38734,38731,38732,38733,38734,38731,38732,38733,38734,38731,38732,38733,38734,38731,38732,38733,38734,38731,38732,38733,38734,38731,38732,38733,38734,38731,38732,38733,38734,38731,38732,38733,38734,38731,38732,38733,38734,38731,38732,38733,38734,38731,38732,38733,38734,38731,38732,38733,38734 0 0 0 0 0 0 0 0 0 0 0 0 0 0 0 
0 0 0 0 0 0 0 0 0 0 0 0 0 0 0 0 0 0 0 0 0 0 0 0 $38621,38623,38626,38628,38621,38623,38626,38628,38621,38623,38626,38628,38621,38623,38626,38628,38621,38623,38626,38628,38621,38623,38626,38628,38621,38623,38626,38628,38621,38623,38626,38628,38621,38623,38626,38628,38621,38623,38626,38628,38621,38623,38626,38628,38621,38623,38626,38628,38621,38623,38626,38628,38621,38623,38626,38628,38621,38623,38626,38628 0 0 0 0 0 0 0 
0 0 0 0 0 0 0 0 0 0 0 0 0 0 0 0 0 0 0 0 0 0 0 0 $38643,38645,38660,38662,38643,38645,38660,38662,38643,38645,38660,38662,38643,38645,38660,38662,38643,38645,38660,38662,38643,38645,38660,38662,38643,38645,38660,38662,38643,38645,38660,38662,38643,38645,38660,38662,38643,38645,38660,38662,38643,38645,38660,38662,38643,38645,38660,38662,38643,38645,38660,38662,38643,38645,38660,38662,38643,38645,38660,38662 0 0 0 0 0 0 0 
0 0 0 0 0 0 0 0 0 0 0 0 0 0 0 0 0 0 0 0 0 0 0 0 0 0 $38631,38633,38635,38637,38631,38633,38635,38637,38631,38633,38635,38637,38631,38633,38635,38637,38631,38633,38635,38637,38631,38633,38635,38637,38631,38633,38635,38637,38631,38633,38635,38637,38631,38633,38635,38637,38631,38633,38635,38637,38631,38633,38635,38637,38631,38633,38635,38637,38631,38633,38635,38637,38631,38633,38635,38637,38631,38633,38635,38637 0 0 0 0 0 
0 0 0 0 0 0 0 0 0 0 0 0 0 0 0 0 0 0 0 0 0 0 0 0 $38680,38682,38684,38688,38680,38682,38684,38688,38680,38682,38684,38688,38680,38682,38684,38688,38680,38682,38684,38688,38680,38682,38684,38688,38680,38682,38684,38688,38680,38682,38684,38688,38680,38682,38684,38688,38680,38682,38684,38688,38680,38682,38684,38688,38680,38682,38684,38688,38680,38682,38684,38688,38680,38682,38684,38688,38680,38682,38684,38688 0 0 0 0 0 0 0 
0 0 0 0 0 0 0 0 0 0 0 0 0 0 0 0 0 0 0 0 0 0 0 0 0 0 0 0 $38619,38620,38622,38625,38619,38620,38622,38625,38619,38620,38622,38625,38619,38620,38622,38625,38619,38620,38622,38625,38619,38620,38622,38625,38619,38620,38622,38625,38619,38620,38622,38625,38619,38620,38622,38625,38619,38620,38622,38625,38619,38620,38622,38625,38619,38620,38622,38625,38619,38620,38622,38625,38619,38620,38622,38625,38619,38620,38622,38625 0 0 0 
0 0 0 0 0 0 0 0 0 0 0 0 0 0 0 0 0 0 0 0 0 0 0 0 0 0 0 0 $38629,38639,38650,38677,38629,38639,38650,38677,38629,38639,38650,38677,38629,38639,38650,38677,38629,38639,38650,38677,38629,38639,38650,38677,38629,38639,38650,38677,38629,38639,38650,38677,38629,38639,38650,38677,38629,38639,38650,38677,38629,38639,38650,38677,38629,38639,38650,38677,38629,38639,38650,38677,38629,38639,38650,38677,38629,38639,38650,38677 0 0 0 
0 0 0 0 0 0 0 0 0 0 0 0 0 0 0 0 0 0 0 0 0 0 0 0 0 0 0 0 0 0 $38615,38616,38617,38618,38615,38616,38617,38618,38615,38616,38617,38618,38615,38616,38617,38618,38615,38616,38617,38618,38615,38616,38617,38618,38615,38616,38617,38618,38615,38616,38617,38618,38615,38616,38617,38618,38615,38616,38617,38618,38615,38616,38617,38618,38615,38616,38617,38618,38615,38616,38617,38618,38615,38616,38617,38618,38615,38616,38617,38618 0 
