# of threads: 32
The overall communication matrix between threads 
0 0 0 0 0 0 0 0 0 0 0 0 0 0 0 0 0 0 0 0 0 0 0 0 0 0 0 0 0 0 0 0 
129276 0 125416 129012 119032 108604 105348 138908 129112 128528 132244 122208 118784 112176 122024 129080 108660 115520 125312 118708 122108 132008 128772 108668 129116 131916 132260 122092 118580 118952 115580 128860 
146052 115488 0 115296 112048 115672 118880 125332 125672 128844 128752 125228 119152 101996 112060 125768 128808 88392 113496 122252 102060 128768 125220 125452 118572 105056 125484 125412 122000 121940 122136 111872 
122004 125708 136120 0 105260 135396 115516 121888 123512 127404 122244 122096 115328 127220 132016 118452 122148 122308 122124 122296 108516 122364 122124 108636 132512 108808 120632 135644 118868 121980 118516 118352 
135908 118596 128616 115112 0 118640 98776 119068 128760 125728 120340 115472 108836 122100 115044 118944 115360 115264 125116 132116 105596 116916 125604 111992 121828 115180 119020 118592 122300 122360 118992 111704 
122208 118464 129056 122004 129180 0 133716 122412 125452 132308 122144 108816 115380 115288 105316 128444 125192 115384 118820 122268 121720 128840 115332 115476 138964 108812 112348 105212 108632 102332 125484 126768 
135920 105484 125400 125284 125756 128920 0 132268 128792 122468 115248 118676 118864 135188 118780 118876 115528 115388 105448 122336 125244 108580 122060 115664 115812 122104 128628 98848 121936 128800 118720 118672 
115576 122296 102332 125280 128876 111792 145884 0 135528 125352 118604 115228 125544 125588 118824 122008 119004 123580 132212 125656 112024 131840 128736 128796 125588 128684 129008 128760 121976 118728 122388 122108 
132524 122032 125396 121852 128732 136912 122072 142132 0 118780 111956 119092 112292 131960 122404 122156 121936 108744 132012 115440 115140 125480 122292 128744 130756 108632 122072 118888 112116 110592 131924 105064 
115512 105544 112076 128776 125580 112308 112092 132220 132764 0 131944 115112 115292 111808 112128 122252 108860 119040 129032 121968 128808 122328 128852 101748 135320 118540 122276 118508 108712 115240 108380 125272 
119056 118636 135468 111976 112176 132120 117044 132460 132828 112084 0 138752 95348 131848 131908 122100 108696 115488 118648 115764 118684 118700 122176 111876 112100 108780 122292 125564 108624 118872 108892 105180 
132212 131960 118932 132052 118572 115120 108764 131848 115996 115372 132740 0 108628 102324 131904 132364 135844 116852 117052 132040 135736 118856 95188 125600 125788 111932 118656 130584 111908 105536 131784 132188 
132124 132224 111956 122024 122396 112384 105132 122128 130548 115512 108676 119028 0 115324 118420 111980 122224 111996 115496 125312 118836 115384 115324 115396 95140 105424 118708 115452 115224 115460 115304 111984 
117068 128692 108664 132024 115088 118580 125584 128944 125760 111924 129028 111928 122368 0 102240 125524 118988 122196 115388 118600 128652 122108 112024 125420 123768 135556 118700 125644 115320 118796 128928 115388 
122396 122176 118860 126976 115592 128984 106912 128564 122344 105304 118764 122068 122900 98680 0 118968 122260 111992 125816 123588 118624 129060 118724 105448 118868 106928 122464 125444 105544 111792 112164 117264 
125348 135336 121920 125404 142176 132324 102168 121956 125640 113640 130008 128840 118792 125496 139036 0 115176 128572 112108 127248 118536 122180 128640 128624 119076 122084 120388 111976 132308 115568 115492 126808 
135828 141852 118736 112068 125520 118776 128936 115320 125400 128948 115612 128876 115372 132008 128584 116996 0 125196 125336 115232 138892 122048 115740 122116 135428 125520 105432 118740 118704 118700 128812 128656 
122244 115560 112164 108740 118756 111872 112120 116976 115612 115336 95636 118804 105232 112072 108652 115496 136176 0 132176 125480 122308 131672 127060 105460 108692 105524 121884 108672 115436 111908 111836 125308 
125432 118680 125364 122344 132148 138840 108936 135516 125548 130480 121956 125076 122108 115592 121752 128580 129136 105420 0 118824 128756 125400 142160 125740 122272 121916 120288 119016 122176 114064 125464 118548 
138856 111856 121940 122140 118604 125272 121788 128732 117140 125396 115248 131900 133804 105324 122396 125804 128856 122184 125848 0 121992 123820 128724 125708 128556 126912 125628 127280 112200 122516 107228 108644 
115504 118764 108604 115632 118888 105468 118556 125332 122080 132344 122452 118852 115452 118744 112144 125528 149192 122136 122168 115272 0 118628 125372 108952 122240 108520 125288 115340 101988 115308 111944 115372 
101844 129020 125820 112172 128736 123700 115064 115600 128904 120480 105380 128808 125280 129088 112016 135100 125584 125752 122576 108612 139316 0 115436 112036 98444 122220 125320 115716 112036 122240 118836 125524 
128884 119008 118860 132176 127064 128860 118664 125428 121876 118720 115820 98688 128888 105564 125360 122124 105180 131988 118548 129224 149076 111952 0 118748 125648 132164 121908 121960 125140 125572 122100 115064 
112092 112836 111916 106784 112200 128828 129008 118864 135496 118784 139040 122124 115408 118524 118744 114120 122024 105340 132168 128596 118568 115556 129456 0 125528 115532 125624 121848 130684 118748 120644 115556 
115608 125412 128680 130740 115352 118952 122656 102528 115428 128624 125328 128940 108744 122112 129124 122476 135940 121924 115632 112204 127416 108792 132376 115296 0 122772 119204 122176 115512 122348 132348 125712 
118524 115580 115616 118764 118624 109252 115720 128820 105080 115552 105372 118812 115412 125804 105440 125336 118648 128904 115572 115312 115420 111936 122220 122224 122492 0 125324 112324 130696 127448 112104 101808 
128628 115624 125444 125604 125464 118612 122112 125668 125672 118712 128712 118840 117204 123796 115592 121948 125072 115552 122280 118708 122312 125316 112080 121952 132392 108832 0 127988 141908 118728 128836 121696 
122236 115664 128552 125668 112348 105328 102112 125916 121916 108412 125128 119008 123404 125744 101876 125544 122364 111784 132076 108792 112240 125480 119128 102080 108780 115516 146304 0 128752 105456 115480 118664 
122316 122268 125496 125760 122048 132236 118532 125532 118476 108936 125432 125280 98568 115528 122132 125688 108924 108280 105384 115216 105380 122232 125204 112288 132384 122252 135540 115976 0 122196 108640 118408 
113596 122348 128816 128788 125584 121880 132160 133364 108644 104856 112164 122476 100552 118648 112156 127312 128708 119100 115496 98716 101728 118888 122128 125636 122312 112312 126976 102052 142896 0 130352 125364 
113776 105196 125508 115524 119020 119028 125620 133768 128564 98748 125408 128732 115400 115444 112044 122004 118904 92092 122184 113840 95564 108844 115700 98472 118920 102064 121988 122228 132408 122260 0 128856 
115193 131516 128344 118236 108112 101300 101804 118536 104732 111532 111584 128176 124840 101452 108776 124872 115192 119668 104916 96588 115088 114884 131688 111704 118032 104980 121700 124852 114932 118272 135596 0 

0 |--> /home/amiryousefi/MasterThesis/Codes/NAS/NPB3.3-OMP-C/CG/cg.c::__kmpc_fork_call line: 0:219::0
0 0 0 0 0 0 0 0 0 0 0 0 0 0 0 0 0 0 0 0 0 0 0 0 0 0 0 0 0 0 0 0 
2300 0 0 0 0 0 0 0 0 0 0 0 0 0 0 0 0 0 0 0 0 0 0 0 0 0 0 0 0 0 0 0 
2384 0 0 0 0 0 0 0 0 0 0 0 0 0 0 0 0 0 0 0 0 0 0 0 0 0 0 0 0 0 0 0 
2168 0 0 0 0 0 0 0 0 0 0 0 0 0 0 0 0 0 0 0 0 0 0 0 0 0 0 0 0 0 0 0 
2136 0 0 0 0 0 0 0 0 0 0 0 0 0 0 0 0 0 0 0 0 0 0 0 0 0 0 0 0 0 0 0 
2512 0 0 0 0 0 0 0 0 0 0 0 0 0 0 0 0 0 0 0 0 0 0 0 0 0 0 0 0 0 0 0 
2760 0 0 0 0 0 0 0 0 0 0 0 0 0 0 0 0 0 0 0 0 0 0 0 0 0 0 0 0 0 0 0 
2404 0 0 0 0 0 0 0 0 0 0 0 0 0 0 0 0 0 0 0 0 0 0 0 0 0 0 0 0 0 0 0 
2212 0 0 0 0 0 0 0 0 0 0 0 0 0 0 0 0 0 0 0 0 0 0 0 0 0 0 0 0 0 0 0 
2268 0 0 0 0 0 0 0 0 0 0 0 0 0 0 0 0 0 0 0 0 0 0 0 0 0 0 0 0 0 0 0 
2560 0 0 0 0 0 0 0 0 0 0 0 0 0 0 0 0 0 0 0 0 0 0 0 0 0 0 0 0 0 0 0 
2400 0 0 0 0 0 0 0 0 0 0 0 0 0 0 0 0 0 0 0 0 0 0 0 0 0 0 0 0 0 0 0 
2332 0 0 0 0 0 0 0 0 0 0 0 0 0 0 0 0 0 0 0 0 0 0 0 0 0 0 0 0 0 0 0 
2232 0 0 0 0 0 0 0 0 0 0 0 0 0 0 0 0 0 0 0 0 0 0 0 0 0 0 0 0 0 0 0 
2580 0 0 0 0 0 0 0 0 0 0 0 0 0 0 0 0 0 0 0 0 0 0 0 0 0 0 0 0 0 0 0 
2188 0 0 0 0 0 0 0 0 0 0 0 0 0 0 0 0 0 0 0 0 0 0 0 0 0 0 0 0 0 0 0 
2168 0 0 0 0 0 0 0 0 0 0 0 0 0 0 0 0 0 0 0 0 0 0 0 0 0 0 0 0 0 0 0 
2420 0 0 0 0 0 0 0 0 0 0 0 0 0 0 0 0 0 0 0 0 0 0 0 0 0 0 0 0 0 0 0 
2296 0 0 0 0 0 0 0 0 0 0 0 0 0 0 0 0 0 0 0 0 0 0 0 0 0 0 0 0 0 0 0 
2376 0 0 0 0 0 0 0 0 0 0 0 0 0 0 0 0 0 0 0 0 0 0 0 0 0 0 0 0 0 0 0 
2288 0 0 0 0 0 0 0 0 0 0 0 0 0 0 0 0 0 0 0 0 0 0 0 0 0 0 0 0 0 0 0 
1972 0 0 0 0 0 0 0 0 0 0 0 0 0 0 0 0 0 0 0 0 0 0 0 0 0 0 0 0 0 0 0 
2396 0 0 0 0 0 0 0 0 0 0 0 0 0 0 0 0 0 0 0 0 0 0 0 0 0 0 0 0 0 0 0 
2264 0 0 0 0 0 0 0 0 0 0 0 0 0 0 0 0 0 0 0 0 0 0 0 0 0 0 0 0 0 0 0 
2304 0 0 0 0 0 0 0 0 0 0 0 0 0 0 0 0 0 0 0 0 0 0 0 0 0 0 0 0 0 0 0 
2020 0 0 0 0 0 0 0 0 0 0 0 0 0 0 0 0 0 0 0 0 0 0 0 0 0 0 0 0 0 0 0 
2136 0 0 0 0 0 0 0 0 0 0 0 0 0 0 0 0 0 0 0 0 0 0 0 0 0 0 0 0 0 0 0 
2388 0 0 0 0 0 0 0 0 0 0 0 0 0 0 0 0 0 0 0 0 0 0 0 0 0 0 0 0 0 0 0 
2308 0 0 0 0 0 0 0 0 0 0 0 0 0 0 0 0 0 0 0 0 0 0 0 0 0 0 0 0 0 0 0 
2096 0 0 0 0 0 0 0 0 0 0 0 0 0 0 0 0 0 0 0 0 0 0 0 0 0 0 0 0 0 0 0 
2312 0 0 0 0 0 0 0 0 0 0 0 0 0 0 0 0 0 0 0 0 0 0 0 0 0 0 0 0 0 0 0 
2032 0 0 0 0 0 0 0 0 0 0 0 0 0 0 0 0 0 0 0 0 0 0 0 0 0 0 0 0 0 0 0 

0 |--> /home/amiryousefi/MasterThesis/Codes/NAS/NPB3.3-OMP-C/CG/cg.c::__kmpc_fork_call line: 0:467::0
0 0 0 0 0 0 0 0 0 0 0 0 0 0 0 0 0 0 0 0 0 0 0 0 0 0 0 0 0 0 0 0 
113152 0 0 0 0 0 0 0 0 0 0 0 0 0 0 0 0 0 0 0 0 0 0 0 0 0 0 0 0 0 0 0 
129844 0 0 0 0 0 0 0 0 0 0 0 0 0 0 0 0 0 0 0 0 0 0 0 0 0 0 0 0 0 0 0 
119836 0 0 0 0 0 0 0 0 0 0 0 0 0 0 0 0 0 0 0 0 0 0 0 0 0 0 0 0 0 0 0 
119948 0 0 0 0 0 0 0 0 0 0 0 0 0 0 0 0 0 0 0 0 0 0 0 0 0 0 0 0 0 0 0 
119696 0 0 0 0 0 0 0 0 0 0 0 0 0 0 0 0 0 0 0 0 0 0 0 0 0 0 0 0 0 0 0 
133160 0 0 0 0 0 0 0 0 0 0 0 0 0 0 0 0 0 0 0 0 0 0 0 0 0 0 0 0 0 0 0 
113172 0 0 0 0 0 0 0 0 0 0 0 0 0 0 0 0 0 0 0 0 0 0 0 0 0 0 0 0 0 0 0 
116488 0 0 0 0 0 0 0 0 0 0 0 0 0 0 0 0 0 0 0 0 0 0 0 0 0 0 0 0 0 0 0 
113244 0 0 0 0 0 0 0 0 0 0 0 0 0 0 0 0 0 0 0 0 0 0 0 0 0 0 0 0 0 0 0 
116496 0 0 0 0 0 0 0 0 0 0 0 0 0 0 0 0 0 0 0 0 0 0 0 0 0 0 0 0 0 0 0 
129812 0 0 0 0 0 0 0 0 0 0 0 0 0 0 0 0 0 0 0 0 0 0 0 0 0 0 0 0 0 0 0 
129792 0 0 0 0 0 0 0 0 0 0 0 0 0 0 0 0 0 0 0 0 0 0 0 0 0 0 0 0 0 0 0 
114836 0 0 0 0 0 0 0 0 0 0 0 0 0 0 0 0 0 0 0 0 0 0 0 0 0 0 0 0 0 0 0 
119816 0 0 0 0 0 0 0 0 0 0 0 0 0 0 0 0 0 0 0 0 0 0 0 0 0 0 0 0 0 0 0 
123160 0 0 0 0 0 0 0 0 0 0 0 0 0 0 0 0 0 0 0 0 0 0 0 0 0 0 0 0 0 0 0 
119836 0 0 0 0 0 0 0 0 0 0 0 0 0 0 0 0 0 0 0 0 0 0 0 0 0 0 0 0 0 0 0 
119824 0 0 0 0 0 0 0 0 0 0 0 0 0 0 0 0 0 0 0 0 0 0 0 0 0 0 0 0 0 0 0 
123136 0 0 0 0 0 0 0 0 0 0 0 0 0 0 0 0 0 0 0 0 0 0 0 0 0 0 0 0 0 0 0 
136480 0 0 0 0 0 0 0 0 0 0 0 0 0 0 0 0 0 0 0 0 0 0 0 0 0 0 0 0 0 0 0 
113216 0 0 0 0 0 0 0 0 0 0 0 0 0 0 0 0 0 0 0 0 0 0 0 0 0 0 0 0 0 0 0 
99872 0 0 0 0 0 0 0 0 0 0 0 0 0 0 0 0 0 0 0 0 0 0 0 0 0 0 0 0 0 0 0 
126488 0 0 0 0 0 0 0 0 0 0 0 0 0 0 0 0 0 0 0 0 0 0 0 0 0 0 0 0 0 0 0 
109828 0 0 0 0 0 0 0 0 0 0 0 0 0 0 0 0 0 0 0 0 0 0 0 0 0 0 0 0 0 0 0 
113304 0 0 0 0 0 0 0 0 0 0 0 0 0 0 0 0 0 0 0 0 0 0 0 0 0 0 0 0 0 0 0 
116504 0 0 0 0 0 0 0 0 0 0 0 0 0 0 0 0 0 0 0 0 0 0 0 0 0 0 0 0 0 0 0 
126492 0 0 0 0 0 0 0 0 0 0 0 0 0 0 0 0 0 0 0 0 0 0 0 0 0 0 0 0 0 0 0 
119848 0 0 0 0 0 0 0 0 0 0 0 0 0 0 0 0 0 0 0 0 0 0 0 0 0 0 0 0 0 0 0 
120008 0 0 0 0 0 0 0 0 0 0 0 0 0 0 0 0 0 0 0 0 0 0 0 0 0 0 0 0 0 0 0 
111500 0 0 0 0 0 0 0 0 0 0 0 0 0 0 0 0 0 0 0 0 0 0 0 0 0 0 0 0 0 0 0 
111464 0 0 0 0 0 0 0 0 0 0 0 0 0 0 0 0 0 0 0 0 0 0 0 0 0 0 0 0 0 0 0 
113160 0 0 0 0 0 0 0 0 0 0 0 0 0 0 0 0 0 0 0 0 0 0 0 0 0 0 0 0 0 0 0 

0 |--> /home/amiryousefi/MasterThesis/Codes/NAS/NPB3.3-OMP-C/CG/cg.c::__kmpc_master line: 0:497::0
0 0 0 0 0 0 0 0 0 0 0 0 0 0 0 0 0 0 0 0 0 0 0 0 0 0 0 0 0 0 0 0 
0 0 123156 126616 116492 106504 103184 136456 126488 126584 129808 119828 116556 109916 119836 126468 106524 113152 123148 116488 119832 129792 126472 106512 126484 129804 129832 119824 116504 116496 113272 126464 
0 113308 0 113152 109824 113240 116624 123148 123156 126496 126608 122928 116484 99868 109832 123152 126472 86536 111440 119824 99848 126464 123152 123168 116492 103168 123032 123144 119880 119832 119816 109840 
0 123156 119840 0 103176 133144 113160 119820 121556 124684 119816 119820 113192 124736 129800 116520 119808 119812 119816 119820 106504 119816 119824 106528 129836 106500 118144 133136 116496 119820 116356 116480 
0 116480 126476 113164 0 116488 96528 116500 126488 123144 118156 113164 106512 119820 113176 116504 113180 113160 123016 129800 103196 114824 123276 109824 119652 113160 116488 116480 119820 120076 116552 109836 
0 116368 126400 119832 113164 0 131400 119840 123160 129816 119816 106504 113176 113168 103176 126464 123152 113176 116500 119808 119824 126484 113164 113304 136468 106532 109824 103192 106496 99856 123140 124800 
0 103192 123136 123024 109832 126480 0 129796 126480 119832 113164 116484 116496 133128 116508 116504 113228 113172 103336 119912 123176 106520 119840 113180 113168 119848 126504 96652 119828 126468 116500 116508 
0 119828 99984 123156 126484 109848 129804 0 133128 123144 116480 113180 123152 123144 116492 119816 116484 121408 129816 123148 109904 129800 126472 126592 123136 126344 126472 126484 119808 116488 119824 119912 
0 119824 123144 119816 126472 134616 119832 139784 0 116484 109832 116488 109844 129692 119820 119832 119808 106524 129804 113180 113160 123176 119832 126488 128084 106528 119952 116640 109824 108112 129700 103168 
0 103180 109824 126464 123172 109852 109824 129812 116480 0 129808 113168 113176 109704 109824 119812 106524 116496 126484 119816 126488 119824 126408 99848 133144 116360 119832 116480 106504 113192 106504 123144 
0 116480 133120 109840 109840 129812 114752 129864 116496 109836 0 136336 93216 129804 129804 119816 106496 113168 116496 113152 116500 116480 119840 109840 109856 106496 119844 123152 106524 116356 106504 103192 
0 129824 116480 129924 116504 113164 106512 129808 113436 113172 116532 0 106516 99864 129792 129804 133264 114788 114688 129804 133248 116496 93200 123152 123144 109844 116484 128128 109840 103184 129804 129808 
0 129800 109848 119824 119808 109960 103168 119816 114620 113188 106504 116616 0 113036 116484 109832 119808 109892 113224 123164 116488 113160 113152 113168 93332 103184 116488 113160 113168 113164 113172 109824 
0 126480 106512 129808 113192 116500 123152 126480 123152 109716 126492 109824 106508 0 99984 123156 116512 119820 113228 116512 126480 119688 109836 123144 121616 133136 116492 123144 113156 116488 126472 113156 
0 119828 116492 124680 113172 126484 104832 126548 119896 103320 116488 119808 106504 96520 0 116488 119824 109840 123136 121488 116496 126464 116492 103200 116572 104768 119884 123148 103176 109844 109824 114904 
0 133132 119824 123144 139792 129812 99864 119828 123280 111428 127912 126480 116496 123152 123160 0 113160 126496 109836 124800 116488 119816 126352 126468 116504 119808 118148 109832 129792 113280 113224 124824 
0 139796 116500 109844 123144 116488 126472 113168 123156 126480 113168 126472 113160 129808 126484 114756 0 123176 123144 113164 136456 119808 113168 119944 133140 123164 103184 116480 116572 116488 126464 126488 
0 113172 109852 106496 116496 109840 109836 114752 113184 113160 93184 116488 103244 109848 106524 113176 119816 0 129804 123200 119816 129792 124744 103168 106496 103168 119812 106512 113160 109828 109832 123152 
0 116488 123144 119836 129812 136472 106512 133252 123136 128152 119696 123160 119832 113288 119824 126512 113024 103192 0 116628 126464 123176 139784 123208 119944 119844 118096 116488 119944 111496 123024 116504 
0 109840 119832 119824 116504 123168 119816 126464 114760 123156 113152 129808 131480 103192 119820 123148 126468 119836 109844 0 119816 121416 126492 123140 126544 124748 123176 124748 109840 119820 104832 106508 
0 116484 106512 113168 116480 103176 116496 123156 119808 129932 119824 116496 113172 116556 109836 123136 133140 119828 119832 113164 0 116496 123140 106504 119820 106496 123144 113168 99864 113024 109828 113168 
0 126472 123144 109832 126472 121428 113164 113160 126360 118176 103188 126464 123232 126472 109852 133072 123148 123152 119820 106512 122952 0 113160 109904 96520 119816 123152 113160 109824 119812 116488 123136 
0 116620 116504 129800 124816 126464 116480 123160 119836 116504 113232 96520 126504 103196 123156 119820 103168 129796 116488 126492 133128 109832 0 116504 123144 129616 119832 120076 123028 123160 119944 113176 
0 110104 109856 104852 109868 126468 126620 116628 133140 116496 136624 119816 113280 116488 116488 111640 119808 103176 129800 126468 116380 113180 113176 0 123160 113312 123148 119820 128136 116512 118276 113280 
0 123172 126492 128268 113312 116508 119960 100008 113292 126472 123164 126620 106524 119680 126856 119968 119948 119828 113280 109960 125088 106640 130064 113288 0 120232 116632 119936 113288 119972 129940 123280 
0 113164 113280 116480 116492 106652 113168 126480 103196 113352 103180 116492 113300 123300 103176 123156 116548 126616 113160 113176 113160 109832 119816 119832 106620 0 121564 109840 128132 124800 109852 99868 
0 113160 123172 123040 123160 116504 119808 123160 123032 116512 126492 116356 114844 121416 113152 119700 123016 113192 119888 116384 119704 123144 109728 119680 116396 106620 0 123472 139656 116488 126472 119504 
0 113292 126476 123280 109856 103168 99860 123272 119832 106512 123156 116748 121412 123184 99736 123268 119944 109840 129812 106632 109952 123152 116680 99860 106528 113164 129920 0 123532 103180 113176 116492 
0 119692 123164 123200 119696 129860 116424 123176 116364 106504 123280 123016 96464 113176 119824 123144 106520 106384 103176 113164 103168 119824 123136 109960 116488 119808 133136 113400 0 116752 106560 116512 
0 119936 126480 126476 123176 119832 129920 131344 106516 103040 109972 119952 98376 116488 109968 124852 126496 116620 113184 96532 99852 116480 119936 123156 119820 109824 124624 99968 126616 0 123284 123144 
0 103176 123144 113172 116740 116488 123208 131268 126468 96668 123144 126480 113040 113176 109708 119852 116616 89876 119824 111500 93232 106496 113152 96384 116488 99848 119708 119880 116520 119932 0 121776 
0 129676 126348 116360 106388 99732 99728 116572 103056 109696 109716 126348 123136 99736 106504 123008 113036 118028 103252 94664 113092 113032 129676 109836 116380 103180 119688 123016 113032 116368 119808 0 

0 |--> /home/amiryousefi/MasterThesis/Codes/NAS/NPB3.3-OMP-C/CG/cg.c::__kmpc_reduce line: 0:486::0
0 0 0 0 0 0 0 0 0 0 0 0 0 0 0 0 0 0 0 0 0 0 0 0 0 0 0 0 0 0 0 0 
256 0 0 0 0 0 0 0 0 0 0 0 0 0 0 0 0 0 0 0 0 0 0 0 0 0 0 0 0 0 0 0 
256 0 0 0 0 0 0 0 0 0 0 0 0 0 0 0 0 0 0 0 0 0 0 0 0 0 0 0 0 0 0 0 
0 0 256 0 0 0 0 0 0 0 0 0 0 0 0 0 0 0 0 0 0 0 0 0 0 0 0 0 0 0 0 0 
256 0 0 0 0 0 0 0 0 0 0 0 0 0 0 0 0 0 0 0 0 0 0 0 0 0 0 0 0 0 0 0 
0 0 0 0 256 0 0 0 0 0 0 0 0 0 0 0 0 0 0 0 0 0 0 0 0 0 0 0 0 0 0 0 
0 0 0 0 256 0 0 0 0 0 0 0 0 0 0 0 0 0 0 0 0 0 0 0 0 0 0 0 0 0 0 0 
0 0 0 0 0 0 256 0 0 0 0 0 0 0 0 0 0 0 0 0 0 0 0 0 0 0 0 0 0 0 0 0 
256 0 0 0 0 0 0 0 0 0 0 0 0 0 0 0 0 0 0 0 0 0 0 0 0 0 0 0 0 0 0 0 
0 0 0 0 0 0 0 0 256 0 0 0 0 0 0 0 0 0 0 0 0 0 0 0 0 0 0 0 0 0 0 0 
0 0 0 0 0 0 0 0 256 0 0 0 0 0 0 0 0 0 0 0 0 0 0 0 0 0 0 0 0 0 0 0 
0 0 0 0 0 0 0 0 0 0 256 0 0 0 0 0 0 0 0 0 0 0 0 0 0 0 0 0 0 0 0 0 
0 0 0 0 0 0 0 0 256 0 0 0 0 0 0 0 0 0 0 0 0 0 0 0 0 0 0 0 0 0 0 0 
0 0 0 0 0 0 0 0 0 0 0 0 256 0 0 0 0 0 0 0 0 0 0 0 0 0 0 0 0 0 0 0 
0 0 0 0 0 0 0 0 0 0 0 0 256 0 0 0 0 0 0 0 0 0 0 0 0 0 0 0 0 0 0 0 
0 0 0 0 0 0 0 0 0 0 0 0 0 0 256 0 0 0 0 0 0 0 0 0 0 0 0 0 0 0 0 0 
256 0 0 0 0 0 0 0 0 0 0 0 0 0 0 0 0 0 0 0 0 0 0 0 0 0 0 0 0 0 0 0 
0 0 0 0 0 0 0 0 0 0 0 0 0 0 0 0 256 0 0 0 0 0 0 0 0 0 0 0 0 0 0 0 
0 0 0 0 0 0 0 0 0 0 0 0 0 0 0 0 256 0 0 0 0 0 0 0 0 0 0 0 0 0 0 0 
0 0 0 0 0 0 0 0 0 0 0 0 0 0 0 0 0 0 256 0 0 0 0 0 0 0 0 0 0 0 0 0 
0 0 0 0 0 0 0 0 0 0 0 0 0 0 0 0 256 0 0 0 0 0 0 0 0 0 0 0 0 0 0 0 
0 0 0 0 0 0 0 0 0 0 0 0 0 0 0 0 0 0 0 0 256 0 0 0 0 0 0 0 0 0 0 0 
0 0 0 0 0 0 0 0 0 0 0 0 0 0 0 0 0 0 0 0 256 0 0 0 0 0 0 0 0 0 0 0 
0 0 0 0 0 0 0 0 0 0 0 0 0 0 0 0 0 0 0 0 0 0 256 0 0 0 0 0 0 0 0 0 
0 0 0 0 0 0 0 0 0 0 0 0 0 0 0 0 256 0 0 0 0 0 0 0 0 0 0 0 0 0 0 0 
0 0 0 0 0 0 0 0 0 0 0 0 0 0 0 0 0 0 0 0 0 0 0 0 256 0 0 0 0 0 0 0 
0 0 0 0 0 0 0 0 0 0 0 0 0 0 0 0 0 0 0 0 0 0 0 0 256 0 0 0 0 0 0 0 
0 0 0 0 0 0 0 0 0 0 0 0 0 0 0 0 0 0 0 0 0 0 0 0 0 0 256 0 0 0 0 0 
0 0 0 0 0 0 0 0 0 0 0 0 0 0 0 0 0 0 0 0 0 0 0 0 256 0 0 0 0 0 0 0 
0 0 0 0 0 0 0 0 0 0 0 0 0 0 0 0 0 0 0 0 0 0 0 0 0 0 0 0 256 0 0 0 
0 0 0 0 0 0 0 0 0 0 0 0 0 0 0 0 0 0 0 0 0 0 0 0 0 0 0 0 256 0 0 0 
0 0 0 0 0 0 0 0 0 0 0 0 0 0 0 0 0 0 0 0 0 0 0 0 0 0 0 0 0 0 256 0 

0 |--> /home/amiryousefi/MasterThesis/Codes/NAS/NPB3.3-OMP-C/CG/cg.c::__kmpc_reduce line: 0:570::0
0 0 0 0 0 0 0 0 0 0 0 0 0 0 0 0 0 0 0 0 0 0 0 0 0 0 0 0 0 0 0 0 
6400 0 0 0 0 0 0 0 0 0 0 0 0 0 0 0 0 0 0 0 0 0 0 0 0 0 0 0 0 0 0 0 
6400 0 0 0 0 0 0 0 0 0 0 0 0 0 0 0 0 0 0 0 0 0 0 0 0 0 0 0 0 0 0 0 
0 0 6400 0 0 0 0 0 0 0 0 0 0 0 0 0 0 0 0 0 0 0 0 0 0 0 0 0 0 0 0 0 
6400 0 0 0 0 0 0 0 0 0 0 0 0 0 0 0 0 0 0 0 0 0 0 0 0 0 0 0 0 0 0 0 
0 0 0 0 6400 0 0 0 0 0 0 0 0 0 0 0 0 0 0 0 0 0 0 0 0 0 0 0 0 0 0 0 
0 0 0 0 6400 0 0 0 0 0 0 0 0 0 0 0 0 0 0 0 0 0 0 0 0 0 0 0 0 0 0 0 
0 0 0 0 0 0 6400 0 0 0 0 0 0 0 0 0 0 0 0 0 0 0 0 0 0 0 0 0 0 0 0 0 
6400 0 0 0 0 0 0 0 0 0 0 0 0 0 0 0 0 0 0 0 0 0 0 0 0 0 0 0 0 0 0 0 
0 0 0 0 0 0 0 0 6400 0 0 0 0 0 0 0 0 0 0 0 0 0 0 0 0 0 0 0 0 0 0 0 
0 0 0 0 0 0 0 0 6400 0 0 0 0 0 0 0 0 0 0 0 0 0 0 0 0 0 0 0 0 0 0 0 
0 0 0 0 0 0 0 0 0 0 6400 0 0 0 0 0 0 0 0 0 0 0 0 0 0 0 0 0 0 0 0 0 
0 0 0 0 0 0 0 0 6400 0 0 0 0 0 0 0 0 0 0 0 0 0 0 0 0 0 0 0 0 0 0 0 
0 0 0 0 0 0 0 0 0 0 0 0 6400 0 0 0 0 0 0 0 0 0 0 0 0 0 0 0 0 0 0 0 
0 0 0 0 0 0 0 0 0 0 0 0 6400 0 0 0 0 0 0 0 0 0 0 0 0 0 0 0 0 0 0 0 
0 0 0 0 0 0 0 0 0 0 0 0 0 0 6400 0 0 0 0 0 0 0 0 0 0 0 0 0 0 0 0 0 
6400 0 0 0 0 0 0 0 0 0 0 0 0 0 0 0 0 0 0 0 0 0 0 0 0 0 0 0 0 0 0 0 
0 0 0 0 0 0 0 0 0 0 0 0 0 0 0 0 6400 0 0 0 0 0 0 0 0 0 0 0 0 0 0 0 
0 0 0 0 0 0 0 0 0 0 0 0 0 0 0 0 6400 0 0 0 0 0 0 0 0 0 0 0 0 0 0 0 
0 0 0 0 0 0 0 0 0 0 0 0 0 0 0 0 0 0 6400 0 0 0 0 0 0 0 0 0 0 0 0 0 
0 0 0 0 0 0 0 0 0 0 0 0 0 0 0 0 6400 0 0 0 0 0 0 0 0 0 0 0 0 0 0 0 
0 0 0 0 0 0 0 0 0 0 0 0 0 0 0 0 0 0 0 0 6400 0 0 0 0 0 0 0 0 0 0 0 
0 0 0 0 0 0 0 0 0 0 0 0 0 0 0 0 0 0 0 0 6400 0 0 0 0 0 0 0 0 0 0 0 
0 0 0 0 0 0 0 0 0 0 0 0 0 0 0 0 0 0 0 0 0 0 6400 0 0 0 0 0 0 0 0 0 
0 0 0 0 0 0 0 0 0 0 0 0 0 0 0 0 6400 0 0 0 0 0 0 0 0 0 0 0 0 0 0 0 
0 0 0 0 0 0 0 0 0 0 0 0 0 0 0 0 0 0 0 0 0 0 0 0 6400 0 0 0 0 0 0 0 
0 0 0 0 0 0 0 0 0 0 0 0 0 0 0 0 0 0 0 0 0 0 0 0 6400 0 0 0 0 0 0 0 
0 0 0 0 0 0 0 0 0 0 0 0 0 0 0 0 0 0 0 0 0 0 0 0 0 0 6400 0 0 0 0 0 
0 0 0 0 0 0 0 0 0 0 0 0 0 0 0 0 0 0 0 0 0 0 0 0 6400 0 0 0 0 0 0 0 
0 0 0 0 0 0 0 0 0 0 0 0 0 0 0 0 0 0 0 0 0 0 0 0 0 0 0 0 6400 0 0 0 
0 0 0 0 0 0 0 0 0 0 0 0 0 0 0 0 0 0 0 0 0 0 0 0 0 0 0 0 6400 0 0 0 
0 0 0 0 0 0 0 0 0 0 0 0 0 0 0 0 0 0 0 0 0 0 0 0 0 0 0 0 0 0 6400 0 

0 |--> /home/amiryousefi/MasterThesis/Codes/NAS/NPB3.3-OMP-C/CG/cg.c::__kmpc_reduce line: 0:585::0
0 0 0 0 0 0 0 0 0 0 0 0 0 0 0 0 0 0 0 0 0 0 0 0 0 0 0 0 0 0 0 0 
6400 0 0 0 0 0 0 0 0 0 0 0 0 0 0 0 0 0 0 0 0 0 0 0 0 0 0 0 0 0 0 0 
6400 0 0 0 0 0 0 0 0 0 0 0 0 0 0 0 0 0 0 0 0 0 0 0 0 0 0 0 0 0 0 0 
0 0 6400 0 0 0 0 0 0 0 0 0 0 0 0 0 0 0 0 0 0 0 0 0 0 0 0 0 0 0 0 0 
6400 0 0 0 0 0 0 0 0 0 0 0 0 0 0 0 0 0 0 0 0 0 0 0 0 0 0 0 0 0 0 0 
0 0 0 0 6400 0 0 0 0 0 0 0 0 0 0 0 0 0 0 0 0 0 0 0 0 0 0 0 0 0 0 0 
0 0 0 0 6400 0 0 0 0 0 0 0 0 0 0 0 0 0 0 0 0 0 0 0 0 0 0 0 0 0 0 0 
0 0 0 0 0 0 6400 0 0 0 0 0 0 0 0 0 0 0 0 0 0 0 0 0 0 0 0 0 0 0 0 0 
6400 0 0 0 0 0 0 0 0 0 0 0 0 0 0 0 0 0 0 0 0 0 0 0 0 0 0 0 0 0 0 0 
0 0 0 0 0 0 0 0 6400 0 0 0 0 0 0 0 0 0 0 0 0 0 0 0 0 0 0 0 0 0 0 0 
0 0 0 0 0 0 0 0 6400 0 0 0 0 0 0 0 0 0 0 0 0 0 0 0 0 0 0 0 0 0 0 0 
0 0 0 0 0 0 0 0 0 0 6400 0 0 0 0 0 0 0 0 0 0 0 0 0 0 0 0 0 0 0 0 0 
0 0 0 0 0 0 0 0 6400 0 0 0 0 0 0 0 0 0 0 0 0 0 0 0 0 0 0 0 0 0 0 0 
0 0 0 0 0 0 0 0 0 0 0 0 6400 0 0 0 0 0 0 0 0 0 0 0 0 0 0 0 0 0 0 0 
0 0 0 0 0 0 0 0 0 0 0 0 6400 0 0 0 0 0 0 0 0 0 0 0 0 0 0 0 0 0 0 0 
0 0 0 0 0 0 0 0 0 0 0 0 0 0 6400 0 0 0 0 0 0 0 0 0 0 0 0 0 0 0 0 0 
6400 0 0 0 0 0 0 0 0 0 0 0 0 0 0 0 0 0 0 0 0 0 0 0 0 0 0 0 0 0 0 0 
0 0 0 0 0 0 0 0 0 0 0 0 0 0 0 0 6400 0 0 0 0 0 0 0 0 0 0 0 0 0 0 0 
0 0 0 0 0 0 0 0 0 0 0 0 0 0 0 0 6400 0 0 0 0 0 0 0 0 0 0 0 0 0 0 0 
0 0 0 0 0 0 0 0 0 0 0 0 0 0 0 0 0 0 6400 0 0 0 0 0 0 0 0 0 0 0 0 0 
0 0 0 0 0 0 0 0 0 0 0 0 0 0 0 0 6400 0 0 0 0 0 0 0 0 0 0 0 0 0 0 0 
0 0 0 0 0 0 0 0 0 0 0 0 0 0 0 0 0 0 0 0 6400 0 0 0 0 0 0 0 0 0 0 0 
0 0 0 0 0 0 0 0 0 0 0 0 0 0 0 0 0 0 0 0 6400 0 0 0 0 0 0 0 0 0 0 0 
0 0 0 0 0 0 0 0 0 0 0 0 0 0 0 0 0 0 0 0 0 0 6400 0 0 0 0 0 0 0 0 0 
0 0 0 0 0 0 0 0 0 0 0 0 0 0 0 0 6400 0 0 0 0 0 0 0 0 0 0 0 0 0 0 0 
0 0 0 0 0 0 0 0 0 0 0 0 0 0 0 0 0 0 0 0 0 0 0 0 6400 0 0 0 0 0 0 0 
0 0 0 0 0 0 0 0 0 0 0 0 0 0 0 0 0 0 0 0 0 0 0 0 6400 0 0 0 0 0 0 0 
0 0 0 0 0 0 0 0 0 0 0 0 0 0 0 0 0 0 0 0 0 0 0 0 0 0 6400 0 0 0 0 0 
0 0 0 0 0 0 0 0 0 0 0 0 0 0 0 0 0 0 0 0 0 0 0 0 6400 0 0 0 0 0 0 0 
0 0 0 0 0 0 0 0 0 0 0 0 0 0 0 0 0 0 0 0 0 0 0 0 0 0 0 0 6400 0 0 0 
0 0 0 0 0 0 0 0 0 0 0 0 0 0 0 0 0 0 0 0 0 0 0 0 0 0 0 0 6400 0 0 0 
0 0 0 0 0 0 0 0 0 0 0 0 0 0 0 0 0 0 0 0 0 0 0 0 0 0 0 0 0 0 6400 0 

0 |--> /home/amiryousefi/MasterThesis/Codes/NAS/NPB3.3-OMP-C/CG/cg.c::__kmpc_reduce_nowait line: 0:294::0
0 0 0 0 0 0 0 0 0 0 0 0 0 0 0 0 0 0 0 0 0 0 0 0 0 0 0 0 0 0 0 0 
32 0 0 0 0 0 0 0 0 0 0 0 0 0 0 0 0 0 0 0 0 0 0 0 0 0 0 0 0 0 0 0 
32 0 0 0 0 0 0 0 0 0 0 0 0 0 0 0 0 0 0 0 0 0 0 0 0 0 0 0 0 0 0 0 
0 0 32 0 0 0 0 0 0 0 0 0 0 0 0 0 0 0 0 0 0 0 0 0 0 0 0 0 0 0 0 0 
32 0 0 0 0 0 0 0 0 0 0 0 0 0 0 0 0 0 0 0 0 0 0 0 0 0 0 0 0 0 0 0 
0 0 0 0 32 0 0 0 0 0 0 0 0 0 0 0 0 0 0 0 0 0 0 0 0 0 0 0 0 0 0 0 
0 0 0 0 32 0 0 0 0 0 0 0 0 0 0 0 0 0 0 0 0 0 0 0 0 0 0 0 0 0 0 0 
0 0 0 0 0 0 32 0 0 0 0 0 0 0 0 0 0 0 0 0 0 0 0 0 0 0 0 0 0 0 0 0 
32 0 0 0 0 0 0 0 0 0 0 0 0 0 0 0 0 0 0 0 0 0 0 0 0 0 0 0 0 0 0 0 
0 0 0 0 0 0 0 0 32 0 0 0 0 0 0 0 0 0 0 0 0 0 0 0 0 0 0 0 0 0 0 0 
0 0 0 0 0 0 0 0 32 0 0 0 0 0 0 0 0 0 0 0 0 0 0 0 0 0 0 0 0 0 0 0 
0 0 0 0 0 0 0 0 0 0 32 0 0 0 0 0 0 0 0 0 0 0 0 0 0 0 0 0 0 0 0 0 
0 0 0 0 0 0 0 0 32 0 0 0 0 0 0 0 0 0 0 0 0 0 0 0 0 0 0 0 0 0 0 0 
0 0 0 0 0 0 0 0 0 0 0 0 32 0 0 0 0 0 0 0 0 0 0 0 0 0 0 0 0 0 0 0 
0 0 0 0 0 0 0 0 0 0 0 0 32 0 0 0 0 0 0 0 0 0 0 0 0 0 0 0 0 0 0 0 
0 0 0 0 0 0 0 0 0 0 0 0 0 0 32 0 0 0 0 0 0 0 0 0 0 0 0 0 0 0 0 0 
32 0 0 0 0 0 0 0 0 0 0 0 0 0 0 0 0 0 0 0 0 0 0 0 0 0 0 0 0 0 0 0 
0 0 0 0 0 0 0 0 0 0 0 0 0 0 0 0 32 0 0 0 0 0 0 0 0 0 0 0 0 0 0 0 
0 0 0 0 0 0 0 0 0 0 0 0 0 0 0 0 32 0 0 0 0 0 0 0 0 0 0 0 0 0 0 0 
0 0 0 0 0 0 0 0 0 0 0 0 0 0 0 0 0 0 32 0 0 0 0 0 0 0 0 0 0 0 0 0 
0 0 0 0 0 0 0 0 0 0 0 0 0 0 0 0 32 0 0 0 0 0 0 0 0 0 0 0 0 0 0 0 
0 0 0 0 0 0 0 0 0 0 0 0 0 0 0 0 0 0 0 0 32 0 0 0 0 0 0 0 0 0 0 0 
0 0 0 0 0 0 0 0 0 0 0 0 0 0 0 0 0 0 0 0 32 0 0 0 0 0 0 0 0 0 0 0 
0 0 0 0 0 0 0 0 0 0 0 0 0 0 0 0 0 0 0 0 0 0 32 0 0 0 0 0 0 0 0 0 
0 0 0 0 0 0 0 0 0 0 0 0 0 0 0 0 32 0 0 0 0 0 0 0 0 0 0 0 0 0 0 0 
0 0 0 0 0 0 0 0 0 0 0 0 0 0 0 0 0 0 0 0 0 0 0 0 32 0 0 0 0 0 0 0 
0 0 0 0 0 0 0 0 0 0 0 0 0 0 0 0 0 0 0 0 0 0 0 0 32 0 0 0 0 0 0 0 
0 0 0 0 0 0 0 0 0 0 0 0 0 0 0 0 0 0 0 0 0 0 0 0 0 0 32 0 0 0 0 0 
0 0 0 0 0 0 0 0 0 0 0 0 0 0 0 0 0 0 0 0 0 0 0 0 32 0 0 0 0 0 0 0 
0 0 0 0 0 0 0 0 0 0 0 0 0 0 0 0 0 0 0 0 0 0 0 0 0 0 0 0 32 0 0 0 
0 0 0 0 0 0 0 0 0 0 0 0 0 0 0 0 0 0 0 0 0 0 0 0 0 0 0 0 32 0 0 0 
0 0 0 0 0 0 0 0 0 0 0 0 0 0 0 0 0 0 0 0 0 0 0 0 0 0 0 0 0 0 32 0 

0 |--> /home/amiryousefi/MasterThesis/Codes/NAS/NPB3.3-OMP-C/CG/cg.c::__kmpc_reduce_nowait line: 0:351::0
0 0 0 0 0 0 0 0 0 0 0 0 0 0 0 0 0 0 0 0 0 0 0 0 0 0 0 0 0 0 0 0 
480 0 0 0 0 0 0 0 0 0 0 0 0 0 0 0 0 0 0 0 0 0 0 0 0 0 0 0 0 0 0 0 
480 0 0 0 0 0 0 0 0 0 0 0 0 0 0 0 0 0 0 0 0 0 0 0 0 0 0 0 0 0 0 0 
0 0 480 0 0 0 0 0 0 0 0 0 0 0 0 0 0 0 0 0 0 0 0 0 0 0 0 0 0 0 0 0 
480 0 0 0 0 0 0 0 0 0 0 0 0 0 0 0 0 0 0 0 0 0 0 0 0 0 0 0 0 0 0 0 
0 0 0 0 480 0 0 0 0 0 0 0 0 0 0 0 0 0 0 0 0 0 0 0 0 0 0 0 0 0 0 0 
0 0 0 0 480 0 0 0 0 0 0 0 0 0 0 0 0 0 0 0 0 0 0 0 0 0 0 0 0 0 0 0 
0 0 0 0 0 0 480 0 0 0 0 0 0 0 0 0 0 0 0 0 0 0 0 0 0 0 0 0 0 0 0 0 
480 0 0 0 0 0 0 0 0 0 0 0 0 0 0 0 0 0 0 0 0 0 0 0 0 0 0 0 0 0 0 0 
0 0 0 0 0 0 0 0 480 0 0 0 0 0 0 0 0 0 0 0 0 0 0 0 0 0 0 0 0 0 0 0 
0 0 0 0 0 0 0 0 480 0 0 0 0 0 0 0 0 0 0 0 0 0 0 0 0 0 0 0 0 0 0 0 
0 0 0 0 0 0 0 0 0 0 480 0 0 0 0 0 0 0 0 0 0 0 0 0 0 0 0 0 0 0 0 0 
0 0 0 0 0 0 0 0 480 0 0 0 0 0 0 0 0 0 0 0 0 0 0 0 0 0 0 0 0 0 0 0 
0 0 0 0 0 0 0 0 0 0 0 0 480 0 0 0 0 0 0 0 0 0 0 0 0 0 0 0 0 0 0 0 
0 0 0 0 0 0 0 0 0 0 0 0 480 0 0 0 0 0 0 0 0 0 0 0 0 0 0 0 0 0 0 0 
0 0 0 0 0 0 0 0 0 0 0 0 0 0 480 0 0 0 0 0 0 0 0 0 0 0 0 0 0 0 0 0 
480 0 0 0 0 0 0 0 0 0 0 0 0 0 0 0 0 0 0 0 0 0 0 0 0 0 0 0 0 0 0 0 
0 0 0 0 0 0 0 0 0 0 0 0 0 0 0 0 480 0 0 0 0 0 0 0 0 0 0 0 0 0 0 0 
0 0 0 0 0 0 0 0 0 0 0 0 0 0 0 0 480 0 0 0 0 0 0 0 0 0 0 0 0 0 0 0 
0 0 0 0 0 0 0 0 0 0 0 0 0 0 0 0 0 0 480 0 0 0 0 0 0 0 0 0 0 0 0 0 
0 0 0 0 0 0 0 0 0 0 0 0 0 0 0 0 480 0 0 0 0 0 0 0 0 0 0 0 0 0 0 0 
0 0 0 0 0 0 0 0 0 0 0 0 0 0 0 0 0 0 0 0 480 0 0 0 0 0 0 0 0 0 0 0 
0 0 0 0 0 0 0 0 0 0 0 0 0 0 0 0 0 0 0 0 480 0 0 0 0 0 0 0 0 0 0 0 
0 0 0 0 0 0 0 0 0 0 0 0 0 0 0 0 0 0 0 0 0 0 480 0 0 0 0 0 0 0 0 0 
0 0 0 0 0 0 0 0 0 0 0 0 0 0 0 0 480 0 0 0 0 0 0 0 0 0 0 0 0 0 0 0 
0 0 0 0 0 0 0 0 0 0 0 0 0 0 0 0 0 0 0 0 0 0 0 0 480 0 0 0 0 0 0 0 
0 0 0 0 0 0 0 0 0 0 0 0 0 0 0 0 0 0 0 0 0 0 0 0 480 0 0 0 0 0 0 0 
0 0 0 0 0 0 0 0 0 0 0 0 0 0 0 0 0 0 0 0 0 0 0 0 0 0 480 0 0 0 0 0 
0 0 0 0 0 0 0 0 0 0 0 0 0 0 0 0 0 0 0 0 0 0 0 0 480 0 0 0 0 0 0 0 
0 0 0 0 0 0 0 0 0 0 0 0 0 0 0 0 0 0 0 0 0 0 0 0 0 0 0 0 480 0 0 0 
0 0 0 0 0 0 0 0 0 0 0 0 0 0 0 0 0 0 0 0 0 0 0 0 0 0 0 0 480 0 0 0 
0 0 0 0 0 0 0 0 0 0 0 0 0 0 0 0 0 0 0 0 0 0 0 0 0 0 0 0 0 0 480 0 

0 |--> /home/amiryousefi/MasterThesis/Codes/NAS/NPB3.3-OMP-C/CG/cg.c::__kmpc_reduce_nowait line: 0:629::0
0 0 0 0 0 0 0 0 0 0 0 0 0 0 0 0 0 0 0 0 0 0 0 0 0 0 0 0 0 0 0 0 
256 0 0 0 0 0 0 0 0 0 0 0 0 0 0 0 0 0 0 0 0 0 0 0 0 0 0 0 0 0 0 0 
256 0 0 0 0 0 0 0 0 0 0 0 0 0 0 0 0 0 0 0 0 0 0 0 0 0 0 0 0 0 0 0 
0 0 256 0 0 0 0 0 0 0 0 0 0 0 0 0 0 0 0 0 0 0 0 0 0 0 0 0 0 0 0 0 
256 0 0 0 0 0 0 0 0 0 0 0 0 0 0 0 0 0 0 0 0 0 0 0 0 0 0 0 0 0 0 0 
0 0 0 0 256 0 0 0 0 0 0 0 0 0 0 0 0 0 0 0 0 0 0 0 0 0 0 0 0 0 0 0 
0 0 0 0 256 0 0 0 0 0 0 0 0 0 0 0 0 0 0 0 0 0 0 0 0 0 0 0 0 0 0 0 
0 0 0 0 0 0 256 0 0 0 0 0 0 0 0 0 0 0 0 0 0 0 0 0 0 0 0 0 0 0 0 0 
256 0 0 0 0 0 0 0 0 0 0 0 0 0 0 0 0 0 0 0 0 0 0 0 0 0 0 0 0 0 0 0 
0 0 0 0 0 0 0 0 256 0 0 0 0 0 0 0 0 0 0 0 0 0 0 0 0 0 0 0 0 0 0 0 
0 0 0 0 0 0 0 0 256 0 0 0 0 0 0 0 0 0 0 0 0 0 0 0 0 0 0 0 0 0 0 0 
0 0 0 0 0 0 0 0 0 0 256 0 0 0 0 0 0 0 0 0 0 0 0 0 0 0 0 0 0 0 0 0 
0 0 0 0 0 0 0 0 256 0 0 0 0 0 0 0 0 0 0 0 0 0 0 0 0 0 0 0 0 0 0 0 
0 0 0 0 0 0 0 0 0 0 0 0 256 0 0 0 0 0 0 0 0 0 0 0 0 0 0 0 0 0 0 0 
0 0 0 0 0 0 0 0 0 0 0 0 256 0 0 0 0 0 0 0 0 0 0 0 0 0 0 0 0 0 0 0 
0 0 0 0 0 0 0 0 0 0 0 0 0 0 256 0 0 0 0 0 0 0 0 0 0 0 0 0 0 0 0 0 
256 0 0 0 0 0 0 0 0 0 0 0 0 0 0 0 0 0 0 0 0 0 0 0 0 0 0 0 0 0 0 0 
0 0 0 0 0 0 0 0 0 0 0 0 0 0 0 0 256 0 0 0 0 0 0 0 0 0 0 0 0 0 0 0 
0 0 0 0 0 0 0 0 0 0 0 0 0 0 0 0 256 0 0 0 0 0 0 0 0 0 0 0 0 0 0 0 
0 0 0 0 0 0 0 0 0 0 0 0 0 0 0 0 0 0 256 0 0 0 0 0 0 0 0 0 0 0 0 0 
0 0 0 0 0 0 0 0 0 0 0 0 0 0 0 0 256 0 0 0 0 0 0 0 0 0 0 0 0 0 0 0 
0 0 0 0 0 0 0 0 0 0 0 0 0 0 0 0 0 0 0 0 256 0 0 0 0 0 0 0 0 0 0 0 
0 0 0 0 0 0 0 0 0 0 0 0 0 0 0 0 0 0 0 0 256 0 0 0 0 0 0 0 0 0 0 0 
0 0 0 0 0 0 0 0 0 0 0 0 0 0 0 0 0 0 0 0 0 0 256 0 0 0 0 0 0 0 0 0 
0 0 0 0 0 0 0 0 0 0 0 0 0 0 0 0 256 0 0 0 0 0 0 0 0 0 0 0 0 0 0 0 
0 0 0 0 0 0 0 0 0 0 0 0 0 0 0 0 0 0 0 0 0 0 0 0 256 0 0 0 0 0 0 0 
0 0 0 0 0 0 0 0 0 0 0 0 0 0 0 0 0 0 0 0 0 0 0 0 256 0 0 0 0 0 0 0 
0 0 0 0 0 0 0 0 0 0 0 0 0 0 0 0 0 0 0 0 0 0 0 0 0 0 256 0 0 0 0 0 
0 0 0 0 0 0 0 0 0 0 0 0 0 0 0 0 0 0 0 0 0 0 0 0 256 0 0 0 0 0 0 0 
0 0 0 0 0 0 0 0 0 0 0 0 0 0 0 0 0 0 0 0 0 0 0 0 0 0 0 0 256 0 0 0 
0 0 0 0 0 0 0 0 0 0 0 0 0 0 0 0 0 0 0 0 0 0 0 0 0 0 0 0 256 0 0 0 
0 0 0 0 0 0 0 0 0 0 0 0 0 0 0 0 0 0 0 0 0 0 0 0 0 0 0 0 0 0 256 0 

0 |--> Main Thread::0
0 0 0 0 0 0 0 0 0 0 0 0 0 0 0 0 0 0 0 0 0 0 0 0 0 0 0 0 0 0 0 0 
0 0 2260 2396 2540 2100 2164 2452 2624 1944 2436 2380 2228 2260 2188 2612 2136 2368 2164 2220 2276 2216 2300 2156 2632 2112 2428 2268 2076 2456 2308 2396 
0 2180 0 2144 2224 2432 2256 2184 2516 2348 2144 2300 2668 2128 2228 2616 2336 1856 2056 2428 2212 2304 2068 2284 2080 1888 2452 2268 2120 2108 2320 2032 
0 2552 2456 0 2084 2252 2356 2068 1956 2720 2428 2276 2136 2484 2216 1932 2340 2496 2308 2476 2012 2548 2300 2108 2676 2308 2488 2508 2372 2160 2160 1872 
0 2116 2140 1948 0 2152 2248 2568 2272 2584 2184 2308 2324 2280 1868 2440 2180 2104 2100 2316 2400 2092 2328 2168 2176 2020 2532 2112 2480 2284 2440 1868 
0 2096 2656 2172 2192 0 2316 2572 2292 2492 2328 2312 2204 2120 2140 1980 2040 2208 2320 2460 1896 2356 2168 2172 2496 2280 2524 2020 2136 2476 2344 1968 
0 2292 2264 2260 2100 2440 0 2472 2312 2636 2084 2192 2368 2060 2272 2372 2300 2216 2112 2424 2068 2060 2220 2484 2644 2256 2124 2196 2108 2332 2220 2164 
0 2468 2348 2124 2392 1944 2256 0 2400 2208 2124 2048 2392 2444 2332 2192 2520 2172 2396 2508 2120 2040 2264 2204 2452 2340 2536 2276 2168 2240 2564 2196 
0 2208 2252 2036 2260 2296 2240 2348 0 2296 2124 2604 2448 2268 2584 2324 2128 2220 2208 2260 1980 2304 2460 2256 2672 2104 2120 2248 2292 2480 2224 1896 
0 2364 2252 2312 2408 2456 2268 2408 2460 0 2136 1944 2116 2104 2304 2440 2336 2544 2548 2152 2320 2504 2444 1900 2176 2180 2444 2028 2208 2048 1876 2128 
0 2156 2348 2136 2336 2308 2292 2596 2508 2248 0 2416 2132 2044 2104 2284 2200 2320 2152 2612 2184 2220 2336 2036 2244 2284 2448 2412 2100 2516 2388 1988 
0 2136 2452 2128 2068 1956 2252 2040 2560 2200 2384 0 2112 2460 2112 2560 2580 2064 2364 2236 2488 2360 1988 2448 2644 2088 2172 2456 2068 2352 1980 2380 
0 2424 2108 2200 2588 2424 1964 2312 2104 2324 2172 2412 0 2288 1936 2148 2416 2104 2272 2148 2348 2224 2172 2228 1808 2240 2220 2292 2056 2296 2132 2160 
0 2212 2152 2216 1896 2080 2432 2464 2608 2208 2536 2104 2036 0 2256 2368 2476 2376 2160 2088 2172 2420 2188 2276 2152 2420 2208 2500 2164 2308 2456 2232 
0 2348 2368 2296 2420 2500 2080 2016 2448 1984 2276 2260 2572 2160 0 2480 2436 2152 2680 2100 2128 2596 2232 2248 2296 2160 2580 2296 2368 1948 2340 2360 
0 2204 2096 2260 2384 2512 2304 2128 2360 2212 2096 2360 2296 2344 2052 0 2016 2076 2272 2448 2048 2364 2288 2156 2572 2276 2240 2144 2516 2288 2268 1984 
0 2056 2236 2224 2376 2288 2464 2152 2244 2468 2444 2404 2212 2200 2100 2240 0 2020 2192 2068 2436 2240 2572 2172 2288 2356 2248 2260 2132 2212 2348 2168 
0 2388 2312 2244 2260 2032 2284 2224 2428 2176 2452 2316 1988 2224 2128 2320 2536 0 2372 2280 2492 1880 2316 2292 2196 2356 2072 2160 2276 2080 2004 2156 
0 2192 2220 2508 2336 2368 2424 2264 2412 2328 2260 1916 2276 2304 1928 2068 2288 2228 0 2196 2292 2224 2376 2532 2328 2072 2192 2528 2232 2568 2440 2044 
0 2016 2108 2316 2100 2104 1972 2268 2380 2240 2096 2092 2324 2132 2576 2656 2388 2348 2180 0 2176 2404 2232 2568 2012 2164 2452 2532 2360 2696 2396 2136 
0 2280 2092 2464 2408 2292 2060 2176 2272 2412 2628 2356 2280 2188 2308 2392 2228 2308 2336 2108 0 2132 2232 2448 2420 2024 2144 2172 2124 2284 2116 2204 
0 2548 2676 2340 2264 2272 1900 2440 2544 2304 2192 2344 2048 2616 2164 2028 2436 2600 2756 2100 2540 0 2276 2132 1924 2404 2168 2556 2212 2428 2348 2388 
0 2388 2356 2376 2248 2396 2184 2268 2040 2216 2588 2168 2384 2368 2204 2304 2012 2192 2060 2732 2124 2120 0 2244 2504 2548 2076 1884 2112 2412 2156 1888 
0 2732 2060 1932 2332 2360 2388 2236 2356 2288 2416 2308 2128 2036 2256 2480 2216 2164 2368 2128 2188 2376 2456 0 2368 2220 2476 2028 2548 2236 2368 2276 
0 2240 2188 2472 2040 2444 2696 2520 2136 2152 2164 2320 2220 2432 2268 2508 2168 2096 2352 2244 2328 2152 2312 2008 0 2540 2572 2240 2224 2376 2408 2432 
0 2416 2336 2284 2132 2600 2552 2340 1884 2200 2192 2320 2112 2504 2264 2180 2100 2288 2412 2136 2260 2104 2404 2392 2048 0 3760 2484 2564 2648 2252 1940 
0 2464 2272 2564 2304 2108 2304 2508 2640 2200 2220 2484 2360 2380 2440 2248 2056 2360 2392 2324 2608 2172 2352 2272 2172 2212 0 4516 2252 2240 2364 2192 
0 2372 2076 2388 2492 2160 2252 2644 2084 1900 1972 2260 1992 2560 2140 2276 2420 1944 2264 2160 2288 2328 2448 2220 2252 2352 2560 0 5220 2276 2304 2172 
0 2576 2332 2560 2352 2376 2108 2356 2112 2432 2152 2264 2104 2352 2308 2544 2404 1896 2208 2052 2212 2408 2068 2328 2072 2444 2404 2576 0 5444 2080 1896 
0 2412 2336 2312 2408 2048 2240 2020 2128 1816 2192 2524 2176 2160 2188 2460 2212 2480 2312 2184 1876 2408 2192 2480 2492 2488 2352 2084 2456 0 7068 2220 
0 2020 2364 2352 2280 2540 2412 2500 2096 2080 2264 2252 2360 2268 2336 2152 2288 2216 2360 2340 2332 2348 2548 2088 2432 2216 2280 2348 2064 2328 0 7080 
1 1840 1996 1876 1724 1568 2076 1964 1676 1836 1868 1828 1704 1716 2272 1864 2156 1640 1664 1924 1996 1852 2012 1868 1652 1800 2012 1836 1900 1904 1964 0 

