# of threads: 32
#The overall communication matrix between threads 
0 0 0 0 0 0 0 0 0 0 0 0 0 0 0 0 0 0 0 0 0 0 0 0 0 0 0 0 0 0 0 0 
129276 0 125444 130452 118956 108624 105508 135548 129028 128428 132212 122300 118688 112128 121976 130764 110400 115516 125316 118652 122108 131944 128724 111772 129096 131908 132176 122032 118584 118960 115424 128888 
146136 115392 0 118580 112132 117296 118828 125296 125640 131996 128644 118688 119280 102028 111968 125788 128864 88460 111832 122296 102104 128944 125460 128680 118612 105144 122348 125520 122024 123576 122172 111832 
122100 125612 136048 0 105276 135388 115516 121876 121820 125892 122128 122200 118632 125588 136844 118416 122100 122280 125192 122284 108440 122424 122080 108648 132468 108792 118992 135772 120412 121956 115364 118336 
135852 118584 128720 115148 0 118636 98808 120876 128804 125896 118696 115500 108864 122132 115072 118996 115464 115300 122088 132132 105636 115296 125456 111948 118656 115140 119036 118560 122328 125356 118952 111736 
118992 118456 125780 122004 129192 0 135332 122420 125456 132344 125456 108840 115408 115300 105300 128512 125212 115404 118840 122232 121820 128988 115308 115416 139008 108760 112448 106844 108572 102352 125496 122004 
135880 105540 125380 122088 125696 128832 0 132256 128704 122440 115240 120368 118760 135256 118760 118820 115400 115344 105268 122212 125156 108672 122092 115648 115708 123772 128520 98716 121872 128708 118668 118708 
115584 122292 102132 126948 128980 111840 145944 0 135552 125420 118624 116928 125604 125540 118768 121932 119040 121972 132080 125724 111952 131864 128788 128740 125584 125536 128968 128824 123700 118796 122352 122128 
132632 122052 125356 123612 128716 135428 122024 142192 0 118804 112012 119100 112296 130440 122444 122120 122000 108688 132004 118848 115128 128788 122344 128920 129184 108652 121972 118996 112080 109040 128732 105148 
115516 102960 112128 131868 125592 112292 110648 132192 132836 0 128856 112100 112136 105456 112168 122344 108940 119080 125872 122000 125616 119132 125628 101876 132312 112220 122252 112128 108732 115228 105416 122092 
118992 118632 135504 111932 112176 132056 115356 132428 132872 108836 0 135520 95596 131896 130236 122040 108664 115456 118692 115756 118580 118704 122160 111836 112008 111904 122296 128720 108628 118736 108868 105144 
132264 133700 118816 135284 118728 115184 108888 133380 115788 115440 132728 0 108692 105612 132024 132396 135596 115432 115632 132164 135704 118920 91936 125644 122568 111956 121984 128972 112040 108780 130276 132224 
132184 132280 115096 122032 122368 112292 105176 122188 129116 115524 108720 118896 0 112116 118484 111952 122444 111924 115368 125256 120536 115388 116924 115444 95088 105392 118824 115552 115172 115488 115304 112008 
115420 128744 112064 132080 115064 118572 127244 130568 132348 108860 129028 115296 122396 0 102156 127176 119044 122232 115376 118576 128724 118740 112036 125496 125328 135564 118688 125672 115324 118960 129036 115288 
122452 122148 118780 122120 115636 128916 105180 128476 122296 105096 118732 122076 127808 98724 0 122212 122292 108624 125872 121984 121836 129064 120456 105404 118668 105348 124056 125484 105516 111800 112184 115576 
125472 135372 121964 128668 142196 132204 102072 125412 125460 115300 128508 128872 118804 125568 139048 0 115176 128520 112288 125572 121936 122144 125608 128604 118988 122016 117272 112028 132428 115432 115488 125176 
142152 141956 118752 115428 125668 118792 128972 115412 125464 130784 115668 128776 115456 125392 128796 115432 0 126748 125384 115392 135604 123808 115868 123692 135516 125600 107180 118716 118764 118796 128932 128688 
122328 115548 115556 108736 122068 111848 113652 115344 115500 116920 95668 118876 105104 111996 108608 112132 136132 0 132100 125412 122292 131684 132052 105488 108692 105540 123468 108644 115444 111900 113380 125356 
125332 118704 125316 122368 133676 135448 108896 135348 127188 128744 118756 125280 121972 115580 123436 128504 125908 105372 0 118744 128808 125316 138864 125664 122136 121792 118660 119008 122036 112376 122240 118532 
138764 111860 121908 122040 118544 125152 121780 125436 115496 125548 115276 131848 131920 105328 122400 127480 128828 125272 125784 0 122080 122276 128636 125784 125184 125256 125660 125668 112088 122472 108740 108620 
115472 124712 108624 115696 118960 108844 118520 125420 122208 135500 125672 122012 120160 121888 115284 125532 149104 122208 125408 115344 0 121816 125456 108972 125448 111724 125292 115188 101936 112016 114852 118564 
101820 129000 125800 115180 128852 118864 115072 115600 125848 118812 106908 131960 125136 130512 111928 135172 125532 125704 122452 107080 136132 0 115336 111936 98460 122228 125300 115876 115328 122324 118732 125600 
128996 118912 118928 135432 125364 128892 118824 125412 123744 122008 115796 98732 128936 105616 125380 122140 105312 132044 118676 129248 149044 111884 0 118728 125716 130640 121940 121784 118708 125700 118512 115068 
112064 112452 111836 105144 112132 128880 128840 121940 135480 118776 138928 122252 115276 120212 118820 115636 122040 105476 133784 128588 112076 115464 129404 0 127196 115464 125584 121864 129040 118636 118892 115448 
118960 125460 128736 129144 115332 119072 122380 102584 115512 128752 125276 129012 108720 118980 128844 124096 136056 121940 118984 112284 125752 109000 133916 117016 0 122860 119160 122180 115568 122452 132392 125652 
118560 115560 117296 118748 118544 109136 115692 128792 105040 115448 102036 118848 115336 125720 105524 125404 118604 128800 115456 115284 115368 111944 122168 122176 122532 0 123900 112256 128924 127564 112052 101868 
128620 115576 125464 125644 125344 118600 122040 127328 122540 118740 128716 118984 115620 122140 115628 122000 125164 115520 122132 118864 123812 125336 112088 121960 129156 112088 0 127980 138508 118756 128804 118628 
122100 115644 128620 125752 112272 105444 102036 125820 118708 108476 124996 118916 121844 125680 102024 125584 123936 111712 131992 108840 112428 127312 119104 102092 108780 115512 146256 0 128768 107104 115340 118856 
122152 125656 125552 125672 123580 133688 118456 125580 115248 110472 125208 125304 98516 118696 122176 127276 108948 108460 105396 115184 105388 122244 125268 112296 132408 122248 135524 115704 0 122208 108596 118436 
115196 122336 132080 128692 125472 121840 132036 131816 108632 104824 112108 122440 98804 118716 112088 122304 128632 120612 115484 98684 101584 118860 121924 125504 122404 112340 122212 103672 142824 0 127108 125232 
111976 105212 125468 117136 118920 119068 125632 132192 125276 98684 125444 128792 117100 115480 112008 121996 118920 92072 124172 112176 95524 108848 115620 98652 118920 102036 118784 122072 132440 127048 0 127164 
115212 131536 128316 118216 108104 101300 101836 118456 104768 111584 111564 124840 124840 101372 108888 129700 115236 118040 104852 98484 119952 114920 131652 111688 118012 104956 121716 124808 114976 121396 135588 0 