#Region Location |--> /home/amiryousefi/MasterThesis/Codes/NAS/NPB3.3-OMP-C/CG/cg.c: .omp_outlined. :: line No: 222
0 0 0 0 0 0 0 0 0 0 0 0 0 0 0 0 0 0 0 0 0 0 0 0 0 0 0 0 0 0 0 0 
2276 0 2288 2324 2456 2128 2196 2428 2536 1940 2416 2488 2188 2264 2160 2612 2216 2348 2180 2144 2276 2128 2252 2060 2620 2092 2384 2224 2096 2472 2260 2416 
2376 2228 0 2228 2284 2452 2328 2144 2488 2396 2172 2200 2740 2172 2128 2652 2364 1916 1984 2472 2236 2464 2160 2324 2120 1976 2524 2352 2192 2152 2364 1984 
2256 2476 2400 0 2096 2256 2348 2052 2004 2744 2304 2260 2136 2444 2152 1936 2284 2456 2184 2472 1944 2592 2268 2152 2668 2288 2504 2644 2324 2120 2212 1844 
2204 2084 2252 1992 0 2136 2296 2724 2180 2612 2216 2312 2296 2252 1900 2500 2284 2144 2152 2332 2452 2124 2292 2120 2164 1956 2540 2080 2496 2332 2464 1912 
2488 2096 2632 2180 2192 0 2312 2600 2304 2536 2296 2344 2236 2132 2124 2032 2068 2228 2344 2400 2000 2508 2148 2264 2492 2252 2608 2060 2076 2504 2356 2048 
2736 2352 2244 2280 2032 2360 0 2456 2224 2616 2072 2212 2388 2108 2268 2340 2232 2180 2100 2392 2012 2164 2256 2472 2552 2292 2048 2184 2040 2244 2180 2208 
2416 2452 2268 2132 2472 1992 2288 0 2416 2284 2136 2092 2452 2404 2280 2104 2524 2152 2280 2580 2112 2064 2308 2276 2424 2392 2484 2344 2188 2304 2528 2268 
2260 2172 2212 2124 2236 2296 2204 2400 0 2252 2176 2620 2448 2232 2628 2296 2192 2184 2196 2352 1968 2320 2524 2320 2656 2156 2156 2360 2256 2544 2260 1972 
2332 2512 2288 2376 2436 2444 2296 2516 2512 0 2264 1988 2132 2152 2336 2404 2444 2584 2540 2192 2336 2512 2484 1940 2376 2244 2428 2104 2224 2060 1872 2140 
2500 2144 2376 2108 2324 2240 2200 2616 2544 2332 0 2376 2404 2088 2084 2228 2152 2268 2204 2604 2076 2216 2344 2012 2180 2192 2468 2384 2124 2376 2356 1964 
2392 2152 2252 2220 2048 1948 2296 2052 2552 2192 2348 0 2100 2412 2144 2600 2404 2180 2392 2300 2496 2356 1968 2392 2688 2132 2288 2464 2128 2348 2068 2344 
2376 2480 2048 2224 2540 2456 2008 2372 2132 2372 2200 2416 0 2276 2004 2108 2496 2092 2216 2120 2416 2220 2196 2292 1824 2224 2340 2392 2020 2316 2144 2168 
2256 2272 2220 2224 1896 2068 2432 2504 2596 2332 2556 2080 2064 0 2308 2428 2540 2344 2188 2096 2260 2252 2180 2352 2184 2436 2180 2524 2164 2456 2564 2128 
2636 2340 2292 2304 2460 2452 1996 1976 2488 1928 2236 2260 2560 2196 0 2532 2464 2104 2640 2148 2020 2560 2176 2224 2180 2176 2584 2324 2336 1960 2356 2400 
2276 2228 2132 2308 2400 2404 2200 2132 2312 2132 2028 2392 2296 2416 2080 0 1984 2048 2312 2420 2104 2328 2308 2132 2492 2196 2312 2188 2496 2264 2328 2032 
2236 2172 2256 2244 2516 2296 2500 2244 2292 2656 2372 2288 2304 2248 2260 2260 0 1992 2220 2108 2476 2320 2708 2196 2388 2428 2336 2208 2276 2300 2456 2216 
2500 2364 2320 2232 2244 1996 2212 2192 2332 2156 2468 2380 1936 2140 2104 2284 2500 0 2300 2244 2480 1868 2348 2320 2192 2372 2080 2140 2284 2076 1936 2212 
2188 2216 2176 2400 2336 2312 2392 2220 2428 2240 2276 2076 2156 2416 2048 2000 2252 2188 0 2248 2312 2148 2392 2504 2316 1972 2180 2504 2228 2536 2416 2040 
2300 1972 2068 2216 2052 1988 1948 2284 2316 2376 2100 2052 2128 2080 2576 2680 2352 2244 2128 0 2252 2440 2168 2512 2048 2108 2500 2508 2252 2648 2328 2120 
2288 2296 2116 2408 2472 2348 2032 2156 2256 2388 2512 2292 2248 2208 2248 2376 2160 2272 2376 2184 0 2108 2180 2468 2432 2020 2156 2204 2088 2192 2052 2204 
1960 2512 2652 2276 2236 2380 1912 2440 2584 2248 2140 2248 2000 2384 2072 1968 2368 2564 2644 2112 2480 0 2184 2112 1924 2420 2072 2712 2168 2452 2244 2448 
2396 2416 2440 2372 2188 2380 2312 2260 2132 2184 2644 2140 2436 2432 2236 2292 2128 2240 2132 2780 2076 2044 0 2232 2564 2568 2112 1964 2164 2524 2024 1892 
2212 2628 2004 1960 2280 2416 2360 2252 2348 2284 2400 2308 2116 2052 2332 2464 2208 2172 2304 2104 2228 2284 2416 0 2384 2296 2432 2040 2556 2148 2400 2296 
2464 2320 2268 2520 2044 2464 2420 2608 2064 2256 2112 2416 2208 2484 2168 2468 2276 2108 2488 2316 2480 2244 2316 2104 0 2632 2544 2240 2272 2504 2472 2380 
2064 2396 2340 2256 2056 2488 2532 2320 1856 2168 2044 2348 2040 2436 2348 2124 2108 2200 2288 2124 2192 2096 2356 2364 2088 0 3804 2428 2452 2628 2220 1900 
2128 2416 2316 2596 2200 2112 2232 2520 2700 2244 2232 2600 2456 2324 2456 2304 1996 2360 2316 2504 2528 2188 2360 2272 2152 2264 0 4552 2152 2260 2328 2132 
2276 2356 2132 2460 2432 2140 2168 2672 2136 1952 1928 2284 2032 2536 2184 2288 2320 1860 2200 2112 2404 2628 2488 2248 2232 2336 2504 0 5216 2264 2180 2364 
2324 2640 2400 2504 2348 2328 2088 2432 2072 2364 2168 2280 2112 2328 2336 2524 2436 1948 2220 2024 2196 2404 2124 2324 2096 2432 2396 2560 0 5436 2076 1944 
2108 2420 2344 2292 2392 2096 2176 2076 2160 1848 2212 2568 2228 2224 2192 2464 2216 2412 2268 2160 1816 2424 2172 2420 2636 2512 2388 2100 2416 0 7084 2168 
2272 2032 2332 2376 2296 2588 2424 2492 2136 2028 2244 2312 2388 2312 2312 2188 2356 2200 4488 2348 2284 2336 2456 2184 2420 2196 2296 2256 2112 2380 0 7084 
2044 1860 1948 1848 1736 1572 2112 1972 1724 1828 1852 1816 1676 1640 2308 1876 2180 1652 1660 1964 1976 1880 1980 1864 1660 1780 2016 1788 1908 1836 1964 0 