#Region Location |--> /home/amiryousefi/MasterThesis/Codes/NAS/NPB3.3-OMP-C/CG/cg.c: .omp_outlined..55 :: line No: 469
0 0 0 0 0 0 0 0 0 0 0 0 0 0 0 0 0 0 0 0 0 0 0 0 0 0 0 0 0 0 0 0 
113176 0 123156 128128 116500 106496 103312 133120 126492 126488 129796 119812 116500 109864 119816 128152 108184 113168 123136 116508 119832 129816 126472 109712 126476 129816 129792 119808 116488 116488 113164 126472 
129936 113164 0 116352 109848 114844 116500 123152 123152 129600 126472 116488 116540 99856 109840 123136 126500 86544 109848 119824 99868 126480 123300 126356 116492 103168 119824 123168 119832 121424 119808 109848 
119844 123136 119824 0 103180 133132 113168 119824 119816 123148 119824 119940 116496 123144 134692 116480 119816 119824 123008 119812 106496 119832 119812 106496 129800 106504 116488 133128 118088 119836 113152 116492 
119824 116500 126468 113156 0 116500 96512 118152 126624 123284 116480 113188 106568 119880 113172 116496 113180 113156 119936 129800 103184 113172 123164 109828 116492 113184 116496 116480 119832 123024 116488 109824 
116504 116360 123148 119824 113176 0 133020 119820 123152 129808 123160 106496 113172 113168 103176 126480 123144 113176 116496 119832 119820 126480 113160 113152 136516 106508 109840 104784 106496 99848 123140 119956 
133144 103188 123136 119808 109840 126472 0 129800 126480 119824 113168 118156 116372 133148 116492 116480 113168 113164 103168 119820 123144 106508 119836 113176 113156 121480 126472 96532 119832 126464 116488 116500 
113168 119840 99864 124816 126508 109848 129832 0 133136 123136 116488 114836 123152 123136 116488 119828 116516 119820 129800 123144 109840 129800 126480 126464 123160 123144 126484 126480 121512 116492 119824 119860 
116548 119880 123144 121488 126480 133132 119820 139792 0 116552 109836 116480 109848 128208 119816 119824 119808 106504 129808 116496 113160 126468 119820 126600 126528 106496 119816 116636 109824 106496 126472 103176 
113184 100448 109840 129492 123156 109848 108352 129676 116500 0 126592 110112 110004 103304 109832 119940 106496 116496 123332 119808 123280 116620 123144 99936 129936 109976 119824 110024 106508 113168 103544 119952 
116492 116488 133128 109824 109852 129816 113156 129812 116504 106504 0 133144 93192 129808 128152 119812 106512 113188 116488 113152 116504 116488 119816 109824 109828 109712 119828 126336 106504 116360 106512 103180 
129872 131548 116564 133064 116680 113236 106592 131328 113236 113248 116556 0 106592 103200 129880 129796 133192 113252 113240 129864 133208 116564 89968 123252 119880 109824 119696 126508 109912 106432 128208 129880 
129808 129800 113048 119808 119828 109836 103168 119816 113160 113152 106520 116480 0 109840 116480 109844 119948 109832 113152 123136 118120 113168 114728 113152 93264 103168 116484 113160 113152 113172 113160 109840 
113164 126472 109844 129856 113168 116504 124812 128064 129752 106528 126472 113216 106508 0 99848 124748 116504 119888 113188 116480 126464 116488 109856 123144 123144 133128 116508 123148 113160 116504 126472 113160 
119816 119808 116488 119816 113176 126464 103184 126500 119808 103168 116496 119816 111424 96528 0 119680 119828 106520 123232 119836 119816 126504 118280 103180 116488 103172 121472 123160 103180 109840 109828 113176 
123196 133144 119832 126360 139796 129800 99872 123280 123148 113168 126480 126480 116508 123152 123144 0 113192 126472 109976 123152 119832 119816 123300 126472 116496 119820 114960 109840 129932 113168 113160 123144 
126092 139784 116496 113184 123152 116496 126472 113168 123172 128128 113296 126488 113152 123144 126536 113172 0 124756 123164 113284 133128 121488 113160 121496 133128 123172 104844 116508 116488 116496 126476 126472 
119828 113184 113236 106504 119824 109852 111440 113152 113168 114764 93200 116496 103168 109856 106504 109848 119808 0 129800 123168 119812 129816 129704 103168 106500 103168 121388 106504 113160 109824 111444 123144 
123144 116488 123140 119968 131340 133136 106504 133128 124760 126504 116480 123204 119816 113164 121388 126504 109832 103184 0 116496 126496 123168 136472 123160 119820 119820 116480 116504 119808 109840 119824 116492 
136464 109888 119840 119824 116492 123164 119832 123152 113180 123172 113176 129796 129792 103248 119824 124800 126476 123028 109832 0 119828 119836 126468 123272 123136 123148 123160 123160 109836 119824 106412 106500 
113184 122416 106508 113288 116488 106496 116488 123264 119952 133112 123160 119720 117912 119680 113036 123156 133120 119936 123032 113160 0 119708 123276 106504 123016 109704 123136 112984 99848 109824 112800 116360 
99860 126488 123148 112904 126616 116484 113160 113160 123264 116564 104768 129712 123136 128128 109856 133204 123164 123140 119808 104968 119828 0 113152 109824 96536 119808 123228 113164 113160 119872 116488 123152 
126600 116496 116488 133060 123176 126512 116512 123152 121612 119824 113152 96592 126500 103184 123144 119848 103184 129804 116544 126468 133144 109840 0 116496 123152 128072 119828 119820 116544 123176 116488 113176 
109852 109824 109832 103184 109852 126464 126480 119688 133132 116492 136528 119944 113160 118160 116488 113172 119832 103304 131480 126484 109848 113180 113164 0 124812 113168 123152 119824 126484 116488 116492 113152 
116496 123140 126468 126624 113288 116608 119960 99976 113448 126496 123164 126596 106512 116496 126676 121628 119956 119832 116496 109968 123272 106756 131600 114912 0 120228 116616 119940 113296 119948 129920 123272 
116496 113164 114956 116492 116488 106648 113160 126472 103184 113280 99992 116500 113296 123284 103176 123280 116496 126600 113168 113160 113176 109848 119812 119812 106620 0 120096 109828 126472 124936 109832 99968 
126492 113160 123148 123048 123144 116488 119808 124808 119840 116496 126484 116384 113164 119816 113172 119696 123168 113160 119816 116360 121284 123148 109728 119688 113180 109824 0 123428 136356 116496 126476 116496 
119824 113288 126488 123292 109840 103304 99868 123148 116572 106524 123068 116632 119812 123144 99840 123296 121616 109852 129792 106728 110024 124684 116616 99844 106548 113176 129928 0 123552 104840 113160 116492 
119828 123016 123152 123168 121232 131360 116368 123148 113176 108108 123040 123024 96404 116368 119840 124752 106512 106512 103176 113160 103192 119840 123144 109972 116488 119816 133128 113144 0 116772 106520 116492 
113088 119916 129736 126400 123080 119744 129860 129740 106472 102976 109896 119872 96576 116492 109896 119840 126416 118200 113216 96524 99768 116436 119752 123084 119768 109828 119824 101572 126584 0 120024 123064 
109704 103180 123136 114760 116624 116480 123208 129700 123140 96656 123200 126480 114712 113168 109696 119808 116564 89872 119684 109828 93240 106512 113164 96468 116500 99840 116488 119816 116504 124668 0 120080 
113168 129676 126368 116368 106368 99728 99724 116484 103044 109756 109712 123024 123164 99732 106580 127824 113056 116388 103192 96520 117976 113040 129672 109824 116352 103176 119700 123020 113068 119560 119800 0 