$The locality matrix between threads 
#Region Location |--> /home/amiryousefi/MasterThesis/Codes/sourcefile.c: .omp_outlined. :: line No: 31
0 0 0 0 0 0 0 0 0 0 0 0 0 0 0 0 0 0 0 0 0 0 0 0 0 0 0 0 0 0 0 0 
$0,0,0,0,0,0,0,0 0 $0,0,0,0,0,0,0 $0,0,0,0,0,0,0 $0,0 0 $0,0,0,0,0,0,0,0,0,0,0,0,0,0,0,0,0,0,0,0,0,0,0,0,0,0,0,0,0,0,0,0,0,0,0,0,0,0,0,0,0 $0,0,0,0,0,0,0,0 $0 0 $0,0,0,0,0,0,0,0,0,0,0,0,0,0,0 0 $0,0,0,0,0,0,0,0,0,0,0,0 $0 $0,0,0,0 $0,0,0,0,0,0,0,0,0,0,0,0,0,0,0 $0,0,0 $0,0,0,0,0,0,0,0,0,0,0,0 $0,0 $0,0,0,0,0,0,0,0,0 $0,0,0,0,0,0,0,0,0 $0,0,0 $0,0,0,0,0 $0,0,0,0,0,0,0,0,0 $0,0,0,0,0,0,0,0,0,0,0,0,0 $0,0,0,0 $0,0,0,0 $0,0,0 $0,0 $0,0,0,0,0,0,0,0,0,0,0,0,0 $0,0,0,0,0,0,0,0 $0 
$0,0 $0,0 0 $0 $0,0,0 0 $0,0,0,0,0,0 $0,0,0,0 0 0 $0,0,0 $0 $0,0 $0,0,0,0 $0 $0,0 $0,0 $0,0 $0,0 $0,0,0,0 $0,0,0 $0,0,0,0 $0,0,0 $0,0 $0 $0,0 $0,0 0 $0,0 $0,0,0,0,0,0,0 $0,0 $0,0,0 
$0,0 $0,0,0,0,0,0,0,0,0,0,0,0,0,0,0 $0,0,0,0 0 $0,0,0,0,0 $0 $0,0 $0,0,0,0,0,0,0,0 $0 $0 $0,0,0,0,0 $0 $0,0,0,0,0 $0,0,0 $0,0,0,0,0,0 $0,0,0,0,0,0,0,0,0,0,0 $0,0,0 $0,0,0,0,0 $0,0,0,0 $0,0,0,0,0,0,0 $0,0,0,0,0,0 0 $0,0 $0,0,0,0,0,0 $0,0,0,0,0,0,0,0,0,0,0,0,0,0,0,0,0,0,0,0,0,0,0,0,0,0,0,0,0,0,0,0,0,0,0,0,0,0,0,0,0,0,0 $0,0 $0,0,0,0,0 $0,0,0,0 $0,0,0 $0,0,0,0,0,0,0,0,0 $0,0,0,0,0,0,0,0 $0,0,0 
$0,0,0 $0,0,0,0,0,0 $0,0,0 $0,0,0,0,0 0 0 $0,0,0 $0 $0,0 $0 $0,0 $0 $0,0 $0,0 $0 $0 $0,0,0,0,0 $0 $0,0,0,0 $0,0,0,0,0 $0,0,0 $0,0 $0,0,0,0 $0,0,0 $0,0,0,0,0,0,0 $0 $0,0 0 $0,0 $0,0 $0 $0,0,0,0,0,0,0,0,0,0,0,0,0,0,0,0,0,0,0,0,0,0,0,0,0,0,0,0 
$0,0 0 $0 $0 $0,0 0 0 0 0 $0 0 0 0 0 0 0 0 0 0 0 0 0 0 0 $0,0 0 0 0 $0 0 0 0 
$0 $0,0,0,0,0,0,0,0,0,0,0,0,0,0,0,0,0,0,0,0,0,0,0,0,0,0,0,0,0,0,0,0,0,0,0,0,0,0,0 $0,0 $0,0,0,0,0,0,0,0,0,0,0,0 $0,0,0,0 0 0 $0,0,0,0,0,0 $0,0,0,0 0 $0,0,0,0,0,0,0,0,0,0,0 0 $0,0,0,0,0,0,0,0,0,0,0 $0,0,0 $0,0 $0,0,0,0,0,0,0,0,0 $0,0,0,0,0 $0,0,0,0,0,0,0,0 $0,0,0,0 $0,0,0,0 $0,0,0,0,0,0,0,0,0,0,0,0,0 $0,0,0,0,0 $0,0,0,0,0,0 $0,0,0,0,0,0,0,0,0,0,0,0,0 $0,0,0,0,0,0,0,0,0,0,0 $0,0,0,0,0 $0,0,0,0 $0,0,0,0 $0 $0,0,0,0,0,0,0,0,0,0,0 $0,0,0,0,0,0 $0,0,0,0,0 
$0,0,0 $0,0,0,0 $0,0,0,0,0 $0,0,0,0,0 $0,0,0 0 $0,0,0,0,0 0 $0,0 0 $0,0,0,0,0,0,0,0,0,0,0,0,0,0,0,0,0,0,0,0,0,0,0,0,0,0,0,0,0,0,0,0,0,0,0,0,0,0,0,0,0,0,0 $0 $0,0,0,0,0,0,0,0,0,0 $0,0 $0,0,0,0 $0,0,0,0,0,0,0,0,0,0 $0,0 $0,0,0,0,0,0,0,0,0,0,0,0,0,0,0,0,0,0,0 $0,0 $0,0,0,0 $0,0,0,0,0 $0 $0,0,0 $0,0,0,0,0,0,0,0,0,0,0,0,0,0 $0,0,0,0 $0,0 $0,0,0 $0,0,0,0,0,0 $0,0,0 $0,0,0,0,0,0,0,0,0,0,0,0,0,0,0 $0,0,0,0,0,0,0,0,0,0,0,0,0,0,0 $0,0 
$0,0,0,0,0 $0,0,0,0,0,0 0 $0,0,0,0,0,0,0,0 $0,0,0 0 $0,0,0 $0 0 0 $0,0,0,0,0,0,0 $0 $0,0,0 $0,0,0 $0,0,0,0 $0,0 $0,0,0,0 0 0 $0,0,0,0,0,0 $0,0 $0,0 $0,0,0,0,0,0 0 $0,0,0,0,0,0 $0,0 $0,0,0,0,0,0,0,0,0,0,0,0,0,0,0,0,0,0,0,0,0,0,0,0,0,0,0,0,0 $0,0 $0,0,0 $0,0 0 $0,0,0 
0 $0 0 0 0 0 $0 $0 $0 0 $0 0 0 0 0 0 $0 $0 0 $0 0 0 0 0 0 0 0 0 $0 $0 0 $0 
$0,0,0 $0,0,0,0,0,0,0 $0,0,0,0,0 $0,0,0,0,0,0,0,0,0 $0 0 $0,0,0,0,0,0 $0,0,0,0,0,0,0,0,0,0,0,0,0,0,0,0,0,0,0,0,0,0,0,0,0,0,0,0,0,0,0,0,0,0,0,0,0,0,0,0,0,0 $0,0,0,0,0,0 0 0 $0 $0,0,0,0,0,0,0,0,0,0 $0,0,0,0 $0,0,0 $0,0,0,0,0,0,0,0,0,0 $0,0,0,0 $0,0,0,0,0,0,0,0,0,0,0 $0,0,0 $0,0,0,0,0,0,0,0,0,0,0,0 $0,0,0,0,0,0,0,0,0 $0,0,0 $0,0,0 $0,0,0,0,0,0,0 $0,0,0 $0,0,0,0,0,0,0 $0,0,0,0 $0,0 $0 $0,0,0,0,0,0 $0,0,0,0,0,0,0,0 $0 
0 $0 $0,0,0,0,0,0 $0 $0 0 0 $0 $0 0 $0 0 $0 0 $0 $0 0 $0 0 0 $0 $0 $0 $0 $0,0 0 $0 $0 0 0 $0 0 
0 $0,0,0,0,0,0,0,0 $0,0 $0,0,0,0,0,0,0,0,0,0,0 $0,0 0 $0,0,0,0,0,0 $0,0,0,0,0,0,0,0,0,0,0,0,0,0,0 0 0 $0,0,0,0,0,0,0,0,0,0,0,0,0,0,0 0 0 0 0 $0,0,0,0,0,0,0,0,0,0,0,0,0,0,0,0 $0 $0,0,0,0,0,0,0,0,0,0,0 $0 $0,0,0,0,0,0,0 $0,0,0,0,0,0,0 $0,0,0 0 $0,0,0,0,0,0,0,0,0,0,0,0,0,0,0,0,0,0,0,0,0,0,0 $0,0,0,0,0,0,0,0,0 $0,0,0,0 $0,0,0 0 $0 $0,0,0,0,0,0,0,0,0,0,0,0,0,0,0,0 $0,0,0,0,0,0,0,0,0,0,0,0,0,0,0,0,0,0,0,0,0,0,0,0,0,0,0,0,0,0,0,0,0,0,0,0,0,0,0,0,0,0,0,0,0,0,0,0,0,0,0 $0,0,0,0 
$0,0 $0,0,0 $0 $0,0,0,0 $0,0,0,0 0 $0,0,0,0 $0,0,0,0 $0,0 0 $0 0 $0 0 $0,0,0,0,0,0 $0,0,0 $0,0,0 $0,0 $0,0,0,0 $0 $0,0,0 $0,0 $0,0,0 $0,0,0 $0 $0,0,0,0 $0,0,0,0 $0 $0 $0 $0,0,0,0,0 $0,0,0 
$0 $0,0,0,0 $0 $0,0,0,0 0 0 $0,0,0,0 $0,0 0 0 $0,0,0,0 0 $0,0,0 $0 0 $0,0,0 $0,0,0,0,0,0,0,0,0 $0,0,0 0 $0,0,0,0,0,0,0 $0,0,0,0,0 $0,0,0 $0,0 $0,0,0,0 $0,0,0,0,0,0,0 $0,0,0 $0,0,0 $0,0,0,0,0,0,0,0,0,0,0,0,0,0,0,0,0,0,0,0,0,0,0,0,0,0,0,0,0,0,0,0,0,0,0,0,0,0,0,0,0,0,0,0 $0 $0,0,0,0 $0,0,0,0 $0,0,0,0,0,0,0 
$0,0 $0,0,0,0,0,0 $0,0,0,0,0,0 $0,0,0,0,0,0 $0,0 0 $0,0,0,0,0,0,0,0,0 $0,0,0,0,0,0,0,0,0,0,0,0,0,0,0,0,0,0,0,0,0 $0,0 0 $0,0,0,0,0,0,0,0,0 0 $0,0,0,0,0,0,0,0,0,0,0,0,0,0,0,0,0,0,0,0,0,0,0,0,0,0,0,0 $0 $0,0 0 $0 $0,0,0,0,0,0,0,0,0,0,0,0,0,0,0,0,0,0 $0,0,0,0,0 $0,0,0,0,0,0,0,0,0,0 $0,0,0,0,0,0,0 $0 $0,0,0 $0,0,0,0,0,0,0,0,0,0,0,0,0,0,0,0,0,0 $0,0,0,0,0,0,0,0,0,0 $0,0 $0,0,0,0,0 $0 0 $0,0,0,0,0,0,0,0,0,0,0,0,0,0,0,0,0,0,0,0,0,0,0,0,0,0,0,0,0,0,0,0,0,0 $0,0,0,0,0,0,0,0,0,0,0,0,0,0,0,0,0,0,0,0 $0 
$0,0,0,0 $0,0,0,0,0,0,0 $0,0,0,0 $0,0,0,0,0,0,0,0,0 $0,0,0,0 0 $0,0,0 $0,0,0,0,0 $0,0 0 $0,0,0,0,0,0 $0,0 $0,0,0,0 $0,0,0,0,0,0,0 $0,0,0,0,0 $0,0,0,0,0,0 0 $0,0,0,0,0 $0,0,0,0,0,0 $0,0,0,0 $0,0,0,0,0 $0,0,0,0,0,0,0 $0,0,0,0,0,0,0,0,0,0 $0,0,0,0,0,0 $0,0,0 $0,0,0,0,0,0 $0,0,0,0,0 $0 $0,0,0,0,0,0,0 $0,0,0 $0,0,0,0,0 $0,0,0,0,0 
$0 $0,0,0,0 $0,0,0 $0,0,0,0,0,0,0,0,0,0 $0,0,0 0 $0,0,0,0,0,0,0,0,0,0 $0,0,0,0,0,0,0,0,0,0 $0 0 $0,0,0,0,0,0,0,0,0,0,0 0 $0,0,0,0,0,0,0,0,0,0,0,0,0,0,0,0 $0,0,0 $0,0 $0,0,0,0,0,0,0,0,0,0,0,0,0,0,0,0,0,0 $0,0 0 $0,0,0,0,0 $0,0,0,0 $0,0,0,0,0,0,0,0,0,0,0 $0,0,0,0 $0,0,0,0,0,0 $0,0,0,0,0,0,0,0,0,0,0,0,0,0,0,0,0 $0,0,0,0,0,0,0 $0 $0,0 $0,0,0 $0,0 $0,0,0,0,0,0,0,0,0,0,0,0,0,0 $0,0,0,0,0,0,0,0,0,0,0,0,0,0,0,0,0,0,0,0,0,0,0,0,0,0,0,0,0 $0,0,0 
$0,0,0 $0,0,0 $0,0,0 $0,0,0 $0 0 $0,0,0,0,0,0,0 $0,0 $0,0,0,0,0,0 0 $0,0,0,0,0,0,0 0 $0,0,0 $0 $0,0,0 $0,0,0 $0,0,0,0,0 $0,0,0,0,0 0 $0,0,0,0 $0,0 $0 $0,0,0 $0,0,0,0,0 $0,0,0,0 $0,0 $0,0,0 $0 $0,0,0,0,0,0,0,0,0,0,0,0,0,0,0,0,0,0,0,0,0,0,0,0,0 $0,0,0,0,0 $0,0,0,0,0,0 $0 
$0,0,0 $0,0,0,0,0,0,0,0,0,0 $0,0 $0,0,0,0,0,0 $0,0,0,0 0 $0,0,0,0,0,0,0,0,0,0,0,0,0,0,0,0,0,0,0 $0,0,0,0,0,0,0,0,0,0,0 $0,0,0,0 0 $0,0,0,0,0 0 $0,0,0,0,0,0,0,0,0 $0,0,0,0 $0 $0,0,0,0,0,0,0,0 $0,0,0,0,0,0,0 $0,0,0,0,0,0,0 $0,0 0 $0,0,0,0,0,0,0,0,0,0,0,0,0,0,0,0,0,0,0,0,0,0,0,0,0,0,0,0,0,0,0,0,0 $0,0,0,0,0,0 $0,0,0,0,0,0 $0,0,0,0,0,0,0,0,0,0,0 $0,0,0,0,0,0,0,0,0,0 $0,0,0 $0,0 $0,0,0,0,0,0,0,0,0 $0,0,0 $0,0,0,0,0 $0,0,0,0,0,0,0 $0,0,0,0,0 
$0,0,0 $0,0,0,0,0,0,0,0,0,0,0,0 $0,0,0,0 $0,0,0,0,0,0,0,0 $0,0 0 $0,0,0,0,0,0,0 $0,0,0,0,0,0,0,0,0 $0 0 $0,0,0,0,0,0,0,0,0,0 0 $0,0,0,0,0,0,0,0,0,0,0 $0,0 $0,0,0,0,0,0 $0,0,0,0,0,0,0,0,0,0,0,0,0,0 $0,0 $0,0,0,0,0,0,0,0,0,0,0,0 $0,0 $0,0,0,0,0,0,0,0,0,0,0,0,0,0,0,0,0,0,0,0,0,0,0,0,0,0,0,0,0,0,0,0,0,0,0,0,0,0,0,0,0,0,0,0,0,0,0,0,0,0,0,0,0,0,0,0 0 $0,0,0 $0,0,0,0 $0,0,0,0,0,0,0 $0,0,0,0,0,0 $0,0,0,0,0,0 0 $0,0,0,0,0,0 $0,0 $0,0,0,0,0,0,0,0,0,0 $0,0,0,0,0,0,0,0,0,0,0 $0,0 
$0,0 $0,0,0 $0,0,0 $0,0,0,0 0 0 $0,0,0,0,0,0 $0,0,0 $0,0,0,0 0 $0,0 0 $0,0,0,0 $0,0 $0,0 $0,0 $0,0,0,0 $0,0,0,0,0 $0 $0,0,0,0,0,0 $0,0,0,0 0 $0,0,0 $0,0 $0,0,0,0,0 $0,0,0,0,0,0,0,0,0,0,0,0,0,0,0,0,0,0,0,0,0,0,0,0,0,0,0,0,0,0,0,0,0,0,0,0,0,0,0,0,0,0,0,0,0,0,0,0,0,0,0,0,0 0 $0,0,0 $0 $0 $0,0 $0 
$0,0,0,0,0,0,0,0,0,0,0,0,0,0,0,0,0,0,0,0,0,0,0,0,0,0,0,0,0,0,0,0,0,0,0,0,0,0,0,0,0,0,0,0,0,0,0,0,0,0,0,0,0,0,0,0,0,0,0,0,0,0,0,0 $0,0,0,0,0,0 0 $0,0,0 $0,0 0 $0,0,0,0,0,0 $0,0 $0,0,0,0,0,0,0 0 0 0 $0 $0,0,0 $0,0,0 $0,0,0,0 $0,0,0 $0,0,0,0 $0,0,0,0,0,0,0,0 $0,0,0,0,0,0,0,0,0 $0,0,0,0,0 $0,0,0,0,0 0 $0,0 $0,0 $0,0 $0,0,0 $0,0,0,0,0,0 $0,0,0,0,0 $0,0,0,0,0 0 $0,0,0 
$0,0 $0,0,0,0,0,0,0 $0 $0,0,0,0,0,0,0,0,0,0,0,0 $0 0 $0,0,0,0,0,0 $0,0,0,0,0,0,0,0,0,0 $0,0,0,0,0 0 $0,0,0,0,0,0,0,0,0,0,0 0 $0,0,0,0,0,0,0,0,0,0,0,0,0,0,0,0,0,0,0,0,0,0,0,0,0,0,0,0,0,0,0,0,0,0,0,0,0,0,0,0,0,0,0,0,0,0,0,0,0,0,0,0 $0,0,0 $0 $0,0,0,0,0,0,0,0,0,0,0,0,0,0,0,0,0,0,0,0,0,0,0,0,0,0,0 $0,0,0,0 $0,0,0,0,0,0,0,0,0,0,0,0,0,0,0,0,0 $0,0,0,0 $0,0,0 $0,0,0,0,0,0,0,0,0,0,0,0 0 $0,0 0 $0,0,0,0,0,0,0,0,0,0,0,0,0,0,0 0 0 $0,0,0,0 $0,0,0 $0,0,0,0,0,0,0,0,0,0,0,0,0,0 $0,0,0,0,0,0 $0,0,0 
$0,0 $0,0,0,0,0,0,0,0,0,0,0 $0 $0,0,0,0,0,0,0,0,0,0,0,0,0,0,0,0,0,0,0,0,0,0,0,0,0,0,0,0,0,0,0,0,0,0,0,0,0,0,0,0,0,0,0,0,0 $0,0,0 $0 $0,0,0,0,0,0 $0,0,0,0,0,0,0,0,0 $0,0 0 $0,0,0,0,0,0 $0,0 $0,0,0,0,0,0,0,0,0,0,0,0,0,0 $0,0,0 $0,0,0,0,0,0 $0,0,0,0,0 $0,0,0,0,0 $0,0,0,0,0,0,0 $0 $0,0,0,0,0 $0,0,0,0,0,0,0,0 $0,0,0,0,0,0 0 $0,0,0,0,0,0,0,0,0,0 0 $0 $0,0,0,0,0 $0,0,0 $0,0,0,0 $0,0,0,0,0,0,0,0,0,0 $0,0,0,0,0,0,0,0 $0,0,0,0,0,0 
$0,0,0,0 $0,0,0,0,0,0 0 $0,0,0,0 $0 0 $0,0,0,0,0,0 $0,0,0 0 0 $0,0,0 0 $0,0,0 $0,0,0 $0,0,0,0 $0,0 $0,0,0,0,0 $0,0,0,0,0 $0,0 $0,0,0,0,0,0,0 $0,0,0,0,0,0 $0,0,0,0,0,0,0,0,0,0,0,0,0,0,0,0,0,0,0,0,0,0,0,0,0,0,0,0,0,0,0,0,0,0,0,0,0,0,0,0,0,0,0,0,0,0,0,0,0 $0,0,0,0 $0,0 $0,0,0,0,0,0,0 0 $0,0 $0,0,0,0 $0,0,0 $0,0,0,0,0 $0,0,0,0,0 $0,0,0,0 
$0,0,0,0,0 $0,0,0,0,0,0,0,0,0 0 $0,0 0 0 $0,0,0,0,0 $0,0,0,0 $0,0,0,0,0,0,0,0,0,0,0,0,0,0,0,0,0,0,0,0,0,0,0,0,0,0,0,0,0,0,0,0,0,0,0,0,0 0 $0,0,0,0,0,0,0 0 $0,0,0,0,0 $0,0,0 $0,0,0,0 $0,0,0,0,0,0 $0,0,0 $0,0,0,0 $0 $0 $0,0 $0,0,0,0,0 $0,0,0,0,0,0,0 $0,0,0,0 $0,0 0 0 $0,0,0,0,0 0 $0,0,0,0,0,0 $0,0,0,0,0,0 $0,0 
$0,0,0,0 $0,0,0,0,0,0 $0 $0,0,0,0,0,0,0 0 0 $0,0,0,0 $0,0,0,0 0 0 $0,0,0,0 0 0 0 $0,0,0,0,0,0,0,0,0,0,0,0,0,0,0,0,0,0,0,0,0,0,0,0,0,0,0,0,0,0,0,0,0,0,0,0,0,0,0,0,0,0,0,0,0,0,0,0,0 $0,0,0,0,0,0 $0,0,0,0,0,0 $0 $0,0,0,0,0 $0,0,0,0,0 $0,0,0,0,0,0,0,0 $0 $0,0 $0,0,0,0 $0,0,0,0 $0,0,0,0 0 0 $0 $0,0,0,0,0 $0,0,0 $0,0,0 
$0,0,0,0 $0,0,0,0,0 $0 $0,0,0,0,0,0,0 $0,0 0 $0 $0,0,0 $0,0,0,0 0 $0 0 0 0 $0,0,0 $0,0,0,0 $0,0,0,0,0,0 $0,0,0,0 $0,0,0,0,0,0,0,0,0,0,0,0,0,0,0,0,0,0 $0,0,0,0 $0,0 $0,0,0,0 $0,0,0,0,0 $0,0,0 $0 0 $0,0,0 0 0 $0,0 $0 $0,0 
$0 $0,0,0,0,0,0,0,0,0,0 $0,0 $0,0,0,0,0,0,0,0,0,0 $0,0 0 $0,0,0,0,0,0,0,0,0,0,0,0,0 $0,0,0,0,0,0,0,0,0,0,0,0,0,0 $0,0,0,0 0 $0,0,0,0,0,0,0,0,0,0,0 $0 $0,0,0,0,0,0,0,0,0,0,0,0,0,0 $0 $0,0,0,0 $0,0,0,0,0,0,0,0,0,0,0,0,0,0,0,0,0,0,0,0,0,0,0,0,0,0,0,0 $0,0,0,0,0,0 $0,0,0,0,0,0,0,0,0,0,0 $0,0,0,0 $0,0,0,0,0,0,0,0,0,0,0 $0,0,0,0,0,0,0 $0,0 $0,0 $0,0,0,0,0,0,0,0,0,0,0,0,0,0,0,0,0,0,0,0,0,0 $0,0,0,0,0 $0,0 $0,0,0,0 $0,0,0,0 $0,0 0 $0,0,0,0,0,0,0,0,0,0,0,0,0,0,0,0 $0,0,0 
$0,0,0,0 $0,0,0,0,0,0 $0,0 $0 $0,0 0 $0,0,0,0,0,0,0,0,0,0 $0,0,0,0,0,0,0,0,0,0,0,0,0,0,0,0,0,0 $0 0 $0,0,0,0,0,0 0 $0,0,0,0,0,0,0,0,0,0,0,0,0,0,0,0,0,0,0 $0,0,0,0 $0,0,0 $0,0,0,0,0,0,0,0,0,0,0,0,0,0,0 $0,0 $0,0,0,0,0,0,0,0,0,0,0,0,0,0,0,0,0,0,0,0,0,0,0,0,0,0,0,0,0,0,0,0,0,0,0,0 $0,0,0,0 $0,0,0,0,0,0,0,0 $0,0,0,0,0 $0,0 $0,0 $0,0,0,0,0,0,0,0,0,0,0,0,0,0,0,0,0,0,0,0,0,0,0,0,0,0,0,0,0,0,0,0,0,0,0,0,0,0,0,0,0,0 $0,0,0,0,0 $0 $0,0,0,0,0,0,0 $0,0,0,0 $0,0 $0,0,0,0,0,0,0,0,0,0,0,0 0 $0,0,0,0,0 
$0,0,0,0,0 $0,0,0,0 0 $0,0,0,0,0,0,0 $0,0,0,0,0,0,0,0,0,0,0,0,0,0,0,0,0,0,0,0,0,0,0,0,0,0,0,0,0,0,0,0,0,0,0,0,0,0,0,0,0,0,0,0,0,0,0,0,0 0 $0,0,0,0,0 $0,0 $0,0,0 0 $0,0,0,0 $0 $0,0 $0,0,0 $0,0 $0,0,0,0 $0,0 $0,0,0 $0,0,0 $0,0,0,0,0 $0,0,0,0,0 $0,0,0,0 $0,0,0,0,0,0 $0,0,0,0 $0,0,0,0,0,0 $0,0,0 $0,0,0 $0 0 $0,0 $0 0 

