$The Memory Access Time matrix between threads 
#Region Location |--> /home/amiryousefi/MasterThesis/Codes/sourcefile.c: .omp_outlined. :: line No: 31
0 0 0 0 0 0 0 0 0 0 0 0 0 0 0 0 0 0 0 0 0 0 0 0 0 0 0 0 0 0 0 0 
$256,594,1161,1374,2574,2577,2606,2731 0 $213,247,539,818,970,1012,1270 $3026,3114,3271,3563,3891,4098,4212 $718,2241 0 $99,257,307,444,499,513,608,716,868,1065,1123,1158,1215,1394,1409,1634,1638,2122,2162,2291,2538,2595,2623,2639,2653,2672,2675,2721,3066,3119,3137,3245,3303,3341,3361,3394,3532,3576,3938,3955,3971 $364,1088,3003,3113,3787,3964,4014,4087 $2103 0 $1196,1465,3151,3191,3285,3289,3399,3800,3966,4114,4125,4154,4169,4176,4192 0 $832,2824,3087,3315,3359,3633,3737,3824,4026,4134,4174,4195 $521 $1990,2170,2405,2664 $1041,2692,3017,3165,3404,3498,3503,3544,3580,3795,3897,3972,4027,4185,4211 $727,945,2477 $598,750,1248,3232,3238,3418,3552,3912,3929,4159,4201,4228 $1397,2113 $3126,3148,3265,3540,3577,3585,3878,3927,3945 $3150,3288,3405,3522,3531,3632,3675,3771,4107 $203,2226,2485 $255,675,1162,1823,2503 $2580,2740,3015,3423,3708,3721,3989,4082,4234 $1764,3012,3149,3228,3231,3357,3416,3426,3611,3958,4103,4128,4165 $870,1463,2550,2649 $910,2270,2738,2790 $1203,2513,2584 $1398,2066 $3107,3372,3377,3758,3786,3819,3883,4045,4062,4093,4209,4220,4229 $3255,3272,3294,3310,3371,3918,3942,4120 $1304 
$1042,1408 $302,1021 0 $537 $59,1144,1468 0 $250,345,560,590,612,997 $94,267,327,1527 0 0 $239,568,925 $137 $644,1114 $287,581,1291,1477 $1112 $220,369 $522,527 $572,828 $1070,1535 $449,812,928,1360 $274,418,452 $210,453,588,1023 $276,956,1407 $372,833 $552 $354,1031 $207,1309 0 $142,298 $88,169,249,610,668,1151,1209 $344,1082 $145,231,1428 
$112,149 $2701,2796,2984,3162,3183,3704,3792,3895,3905,4021,4110,4180,4203,4221,4226 $119,375,523,546 0 $151,163,516,728,1812 $33 $3002,3466 $402,692,2953,3117,3227,3797,3866,4237 $466 $22 $1105,3412,3665,4217,4235 $77 $2925,3623,3898,4144,4205 $762,1369,1563 $462,1922,2058,2482,2704,2849 $819,975,2839,2965,2997,3450,3464,3662,3790,3894,4218 $154,2544,3078 $2622,3488,3727,3851,3987 $647,1354,2038,2447 $25,1234,2990,3276,3546,3626,4032 $596,2745,3485,3518,3837,3870 0 $1192,2165 $1716,3153,3543,3717,4116,4202 $28,91,132,170,366,377,440,468,479,502,689,708,788,831,942,953,1089,1100,1115,1171,1213,1253,1529,1561,1588,1704,1956,2009,2042,2056,2083,2144,2192,2275,2403,2421,2537,2707,2744,2782,3872,3990,4210 $2752,2904 $1781,2041,2132,2615,2674 $2171,2494,2705,2783 $199,947,1592 $543,731,2939,3142,3802,3916,4056,4100,4236 $827,2964,3128,3688,3935,3982,4092,4243 $1509,1556,1747 
$20,51,73 $67,561,884,1124,1456,2207 $136,400,1036 $174,378,1133,1562,2244 0 0 $754,1482,1502 $1152 $134,1310 $26 $19,1340 $172 $1228,1955 $878,1661 $2181 $1320 $39,677,772,1355,2237 $108 $129,152,1575,2346 $44,167,493,747,1307 $330,600,1306 $198,399 $637,1050,1565,2209 $383,1524,1771 $76,123,141,482,1426,1493,2368 $628 $1084,1267 0 $66,391 $272,1615 $920 $45,259,334,349,374,387,497,619,709,717,729,738,779,856,874,1240,1312,1330,1346,1411,1439,1514,1612,1695,1767,2141,2242,2331 
$2,17 0 $37 $7 $16,36 0 0 0 0 $9 0 0 0 0 0 0 0 0 0 0 0 0 0 0 $1,6 0 0 0 $8 0 0 0 
$2775 $251,316,346,360,524,591,903,917,1009,1034,1039,1148,1155,1186,1324,1486,1499,1547,1987,2052,2152,2231,2281,2469,2506,2528,2768,2779,3145,3167,3286,3373,3387,3403,3607,3874,3997,4162,4170 $1081,1358 $1328,2708,2936,3190,3241,3541,3613,3657,3857,3960,3976,4019 $191,620,1490,2229 0 0 $623,3175,3298,3512,3589,4184 $438,1164,1501,2271 0 $2223,3093,3144,3166,3248,3458,3610,3649,3720,3791,3975 0 $3011,3029,3206,3435,3454,3474,3516,3527,4044,4084,4140 $1425,1528,1553 $1187,2656 $1376,2753,3196,3346,3923,3943,4024,4145,4150 $323,1076,1508,3055,3071 $2931,3174,3345,3478,3584,3885,3904,3984 $982,1655,2158,2182 $3139,3362,3402,3455 $2992,3210,3250,3494,3548,3710,3856,3917,3973,3988,4081,4091,4119 $311,1053,1584,2724,2879 $262,726,1438,1673,1972,2297 $2993,3096,3318,3363,3379,3398,3501,3525,3587,3650,3663,3775,4022 $643,3023,3092,3143,3305,3334,3406,3753,3859,3993,4161 $2510,2585,2610,2829,2901 $337,1544,2262,2323 $461,1227,2007,2076 $74 $265,2935,3039,3116,3222,3239,3247,3332,3779,4166,4173 $381,1285,3014,3080,3627,3659 $517,1019,1029,1173,1491 
$95,695,2317 $3121,3226,3324,4115 $127,368,609,664,785 $719,2944,2979,3575,4083 $23,373,1239 0 $3141,3200,3390,3411,3620 0 $92,1207 0 $103,222,268,358,363,401,556,671,691,696,700,744,767,800,842,913,1063,1092,1128,1266,1329,1526,1560,1594,1641,1693,1924,1947,2298,2302,2493,2565,2575,2644,2682,2793,2819,2940,3163,3302,3692,3700,4090 $58 $3122,3306,3694,3875,4436,4450,4490,4500,4511,4517 $670,755 $796,860,2264,2706 $3566,4035,4238,4378,4408,4437,4487,4501,4518,4532 $704,1055 $343,1572,1939,2954,3668,3822,4273,4276,4300,4319,4323,4366,4404,4476,4503,4514,4522,4530,4539 $1738,2014 $531,2958,3765,4029 $736,1302,3025,3118,4015 $393 $1897,1950,2316 $1288,3374,3561,4186,4245,4316,4358,4365,4381,4386,4425,4438,4441,4529 $2957,3004,3825,4049 $1937,2590 $230,1400,1784 $1443,1853,1928,2258,2307,2808 $791,1381,1632 $50,2988,3001,3178,3367,3685,3722,3833,3844,4020,4246,4286,4398,4420,4475 $681,1094,2301,2826,2973,3785,4219,4253,4279,4317,4343,4395,4431,4446,4471 $1103,1489 
$31,82,107,1684,1788 $412,996,1517,2446,2613,2624 0 $106,140,208,469,520,943,1386,2608 $32,357,607 0 $1189,1487,1564 $926 0 0 $41,93,507,871,1153,2120,2261 $177 $994,1423,1650 $289,1206,1235 $889,1774,2282,2487 $730,2473 $121,192,471,853 0 0 $102,415,892,1177,2142,2630 $1929,2248 $1601,1706 $1321,1458,1625,1675,1714,2134 0 $110,139,175,559,2156,2466 $2003,2365 $297,455,843,850,918,966,1027,1208,1210,1238,1350,1453,1484,1500,1578,1630,1688,1810,1867,1876,1896,1963,2097,2102,2432,2483,2536,2605,2643 $625,2221 $148,294,1422 $1237,2124 0 $104,1278,1362 
0 $62 0 0 0 0 $68 $13 $11 0 $14 0 0 0 0 0 $34 $15 0 $30 0 0 0 0 0 0 0 0 $35 $12 0 $29 
$100,659,2597 $857,2596,3301,3313,3950,4012,4198 $49,241,295,420,566 $1333,3220,3447,3451,3619,3764,3788,4222,4227 $321 0 $3062,3169,3431,3701,4051,4130 $18,40,56,240,293,465,494,611,635,848,1006,1218,1244,1256,1351,1365,1379,1470,1707,1795,1828,1850,1994,2121,2222,2260,2295,2354,2499,2561,2703,2803,2864,3110,3437,3698,3715,3913,3978,4232,4306,4312 $24,98,919,967,1485,1672 0 0 $48 $509,3177,3309,3678,3689,4242,4268,4287,4328,4346 $680,1104,1113,1269 $1363,1883,2348 $3181,3339,3524,3615,4121,4129,4248,4251,4256,4360 $70,1533,2919,3051 $935,937,1221,1558,2687,3007,3218,3879,4043,4285,4357 $667,2109,2355 $97,105,1357,2612,3010,3115,3136,3652,3677,3754,3979,4009 $2542,2629,3300,3354,3417,3560,3628,3805,3980 $1385,2310,2719 $660,1292,2395 $2500,3414,3436,3703,4066,4069,4240 $3545,3594,3738 $702,962,1011,1170,1712,2468,2720 $474,723,2266,2660 $820,2126 $1252 $1175,2972,3079,3259,3408,4350 $1120,1313,2816,3098,4059,4181,4270,4311 $1974 
0 $195 $43,57,89,130,176,179 $133 $63 0 0 $65 $72 0 $84 0 $504 0 $193 $180 0 $150 0 0 $235 $190 $185 $184 $79,209 0 $182 $194 0 0 $219 0 
0 $3351,3483,3578,3630,3914,4057,4077,4208 $807,916 $586,1852,2968,3340,3479,3707,3748,4000,4095,4193,4207 $873,1696 0 $1147,2963,3266,3597,3886,4135 $766,1642,3317,3365,3376,3624,4167,4244,4315,4359,4388,4414,4439,4445,4523 0 0 $1352,3213,3254,3297,3328,3448,3549,3591,3596,3697,3868,3952,3956,4277,4349 0 0 0 0 $3274,3380,3446,3513,3640,3804,3928,4039,4078,4106,4197,4263,4418,4507,4513,4565 $2732 $2926,3462,3746,4023,4047,4303,4334,4339,4348,4370,4447 $1978 $2943,3105,3262,3319,3535,3705,3719 $2453,3171,3199,3477,3604,3750,3965 $1445,1859,2892 0 $510,770,964,979,1110,1417,1424,1906,1911,1954,2322,2823,3456,3639,3871,4126,4151,4569,4573,4577,4581,4585,4588 $646,3047,3097,3311,3316,3378,3744,4139,4156 $1384,2029,2741,2868 $616,655,2767 0 $1941 $3253,3264,3338,3500,3557,3733,3743,4254,4292,4295,4331,4379,4403,4461,4464,4468 $972,3209,3323,3554,3643,3716,4153,4288,4321,4402,4454,4489,4493,4516,4525,4533,4537,4542,4556,4564,4592,4595,4598,4601,4604,4607,4610,4613,4616,4619,4622,4625,4628,4631,4634,4637,4640,4643,4646,4649,4652,4655,4658,4661,4664,4667,4669,4670,4672,4674,4676 $1700,1754,1824,1914 
$960,1618 $806,1205,1222 $893 $1090,1101,1168,1589 $478,710,1345,1549 0 $515,805,1279,1581 $690,1064,1559,1782 $911,1585 0 $1783 0 $1143 0 $881,900,1122,1325,1645,1682 $685,951,1676 $481,896,1416 $682,1611 $574,1327,1591,1679 $864 $978,1137,1449 $305,758 $332,1224,1617 $579,652,1628 $931 $544,587,839,1273 $463,1586,1597,1620 $1667 $338 $1722 $423,457,495,821,1557 $1108,1260,1602 
$1971 $1066,1280,1793,2099 $314 $1551,2581,2696,2781 0 0 $1125,1530,2268,2877 $1884,1916 0 0 $326,634,1255,1915 0 $1343,2398,2861 $304 0 $1962,2847,2866 $200,1220,1230,1525,1805,2404,2441,2843,2870 $1982,2017,2766 0 $331,584,886,2666,2770,2784,2858 $1727,2168,2211,2717,2837 $1918,2407,2540 $2155,2514 $503,895,1134,1344 $1728,1885,1920,1934,2392,2412,2846 $2409,2486,2855 $555,2825,2842 $280,487,532,550,571,797,876,880,906,1111,1188,1262,1364,1521,1646,1681,1723,1734,1773,1800,1875,1882,1887,1926,1977,1985,1989,2057,2137,2185,2213,2265,2370,2379,2423,2476,2502,2530,2625,2671,2750,2758,2772,2780 $371 $907,1739,1951,2391 $1159,1283,1766,2854 $1062,1276,1389,1469,2019,2318,2408 
$1044,2764 $3233,3407,3530,3616,4086,4155 $189,228,252,563,829,1404 $3397,3985,4117,4196,4200,4233 $333,739 0 $1056,3076,3082,3164,3444,3644,3967,3981,4080 $1265,3038,3358,3460,3547,3690,3763,3829,4143,4188,4241,4274,4362,4382,4401,4417,4423,4509,4512,4515,4528 $782,2604 0 $3268,3429,3434,3637,3995,4006,4041,4224,4299 0 $2173,3350,3538,3906,3941,3953,4036,4131,4148,4179,4257,4280,4301,4313,4335,4356,4383,4440,4458,4462,4480,4505,4521,4534,4538,4557,4586,4590 $815 $1047,1759 0 $229 $924,3019,3083,3353,3391,3529,3570,3759,4040,4053,4136,4259,4314,4412,4469,4508,4549,4561 $633,706,1289,2082,2475 $3089,3185,3197,3439,3497,3507,3664,3762,3909,3939 $954,3040,3609,3670,3798,3946,4042 $1169 $1373,1619,1685 $3179,3356,3389,3432,3445,3452,3520,3550,3571,3642,3711,3803,3820,4260,4486,4492,4543,4555 $757,2852,3672,3699,3835,3848,3922,3925,4133,4206 $814,2797 $549,781,1516,1694,1838 $490 0 $278,370,686,761,845,971,1040,1071,1118,1319,1401,1643,1677,1744,1995,2005,2020,2199,2249,2377,2637,2867,3364,3459,3511,3526,3621,3806,3841,4182,4353,4387,4426,4429 $1015,3194,3258,3490,3534,3593,3739,3947,3992,4147,4266,4336,4390,4422,4496,4552,4568,4575,4579,4584 $446 
$416,1322,1945,2551 $205,514,2994,2999,3006,3070,3091 $204,238,318,1480 $90,124,480,483,952,1214,2055,2105,2734 $115,232,1217,2108 0 $904,3049,3109 $147,2492,2818,2938,2989 $86,2254 0 $1219,1243,1380,2987,2991,3060 $42,109 $2917,2922,3054,3063 $407,448,565,1091,1332,1520,1576 $491,602,1245,1542,2136 $340,542,2006,2240,2978,3161 0 $1471,2449,2941,3044,3088 $1497,1691,2094,2250,2419,2471 $794,1606,2746,3056 $950,2480,2558,2959,3046 $1002,1664,1866,2232,2798,2856,2872 $390,694,751,914,1251,1308,1539,1637,2068,2387 $784,1249,1546,2945,3069,3074 $1199,2715,3028 $1127,1179,1579,1865,2246,2820 $883,2013,2730,2735,2865 $2488 $101,212,613,981,1871,1979,2049 $2349,2927,3085 $599,740,1940,1981,3075 $395,526,606,1216,2512 
$1264 $712,3295,3355,3845 $769,890,1016 $111,162,2489,3495,3888,3919,4052,4060,4204,4230 $157,605,1102 0 $211,711,1323,2822,3214,3491,3761,3854,4146,4164 $1473,2344,3558,3618,3647,4223,4298,4377,4428,4435 $2484 0 $927,1099,2588,2702,2804,2955,3053,3386,4252,4267,4307 0 $3094,3246,3583,3592,3629,3924,4017,4071,4318,4324,4367,4411,4416,4526,4553,4563 $512,854,938 $1261,1927 $2641,3034,3045,3229,3468,3999,4048,4269,4290,4310,4347,4351,4369,4373,4405,4421,4510,4551 $1225,1627 0 $765,1135,2036,2374,2462 $1799,3325,3801,3882 $243,2459,3090,3273,3281,3457,3472,3586,3732,4031,4058 $355,617,1657,2876 $427,450,582,790,1944,2012 $1254,2690,2932,3027,3480,3691,3760,4054,4183,4305,4326,4342,4376,4519,4536,4546,4566 $1775,1816,2659,2946,3182,3243,4010 $1624 $1998,2351 $443,1958,2647 $153,998 $2950,3400,3680,3887,4050,4076,4163,4283,4327,4384,4413,4453,4472,4478 $435,573,678,724,749,861,1085,1247,1368,1573,1610,1776,2016,2026,2064,2183,2299,2356,2363,2428,2455,2591,2634,2765,3041,3205,3424,3729,4449 $117,1813,2380 
$2253,2388,2515 $1751,2123,2463 $264,511,1498 $2193,2227,2393 $2117 0 $663,1020,1988,2059,2112,2286,2507 $649,2458 $1026,1890,2098,2163,2285,2436 0 $636,648,1366,1455,2095,2353,2389 0 $783,965,2555 $1193 $1986,2008,2191 $721,1740,2400 $948,1367,1481,2086,2228 $405,662,1083,1731,2184 0 $763,1024,1130,2092 $2143,2305 $2203 $802,1908,2430 $254,460,993,1821,2490 $657,2106,2139,2243 $752,2568 $2164,2284,2361 $1335 $640,666,707,764,985,989,1001,1136,1197,1372,1396,1432,1496,1534,1574,1590,1654,1659,1678,1770,1818,1830,1991,2015,2051 $227,2372,2472,2474,2534 $816,1097,2072,2081,2101,2358 $1435 
$426,1822,2755 $3111,3140,3282,3337,3469,3653,3718,3724,3770,3902 $365,1185 $2971,3125,3146,3409,3781,3903 $131,1311,1410,1513 0 $901,2795,2928,3021,3052,3133,3172,3283,3322,3370,3471,3510,3582,3676,3696,3767,3880,3934,3961 $2985,2998,3158,3184,3189,3314,3681,3769,4004,4011,4061 $54,173,1268,2324 0 $934,1140,3307,3614,3812 0 $894,1893,3022,3211,3470,3636,3793,3890,3986 $422,456,891,909 $1807 $322,1037,1150,3256,3442,3553,3831,3983 $963,1857,1942,2915,2986,3036,3065 $165,236,3195,3202,3600,3755,3867 $986,1371 0 $319,397,492,583,795,837,1000,1176,1300,1356,1359,1466,1512,1666,1834,1863,2069,2093,2187,2667,2727,2748,2771,2785,3129,3134,3278,3654,3695,3774,3794,3951,4034 $1032,1532,1609,2467,2545,2636 $593,834,1086,1507,2025,2215 $2563,3223,3329,3347,3539,3666,3789,3900,3944,3948,3968 $822,1746,2974,3342,3588,3641,3810,3876,3996,4002 $2627,2883,2898 $485,2255 $528,1808,1921,2190,2314,2669,2774,2778,2787 $135,242,930 $3157,3198,3212,3326,3736 $1732,2969,3235,3240,3267,3537,3559 $166,178,414,429,1843 
$958,2564,2571 $3064,3100,3536,3667,3752,3780,3808,3910,3957,3969,4070,4096 $341,1282,1375,1475 $3099,3204,3308,3433,3674,3684,4046,4141 $1536,2200 0 $2153,3188,3221,3481,3521,4089,4108 $1339,2566,2970,3138,3551,3815,3974,4028,4111 $1629 0 $1960,3013,3203,3484,3515,3757,4033,4038,4055,4102 0 $2713,2739,3257,3508,3706,3777,3796,3807,3911,4075,4123 $1242,1393 $533,798,1959,2501,2801,2840 $2937,3005,3057,3067,3077,3296,3413,3728,3756,3839,3932,3977,4113,4124 $3000,3030 $2579,2921,3095,3225,3287,3320,3384,3465,3625,3809,3970,4003 $748,1017 $275,408,595,804,879,977,980,1052,1138,1212,1272,1305,1391,1450,1460,1569,1623,1710,1845,1888,1930,2023,2150,2169,2210,2219,2329,2396,2452,2497,2526,2548,2576,2716,2800,2812,2900,2967,3050,3102,3176,3230,3299,3304,3421,3555,3612,3634,3658,3747,3776,3855,3873,3949,3954,3994 0 $2277,2663,2859 $425,959,1984,2414 $875,2573,2924,3160,3461,3826,3926 $1073,2733,2757,3152,3419,3686 $1670,1735,1803,2179,2309,2806 0 $353,603,1079,1246,1932,2337 $286,1180 $1184,3059,3101,3123,3208,3441,3489,3606,3921,4097 $631,3186,3216,3277,3284,3572,3579,3635,3683,3901,3959 $1550,2174 
$1802,2448 $410,2256,2893 $201,1413,1448 $1200,2367,2369,2413 0 0 $885,1033,1035,1154,2569,2894 $1925,2645,2683 $336,2040,2236,2600 0 $1472,2916 0 $1418,1698,2004,2888 $312,1030 $2422,2759 $1504,1881 $350,713,1476,2712 $632,817,2063,2454,2909 $2385 $1069,1301,1467,2304,2729,2881 $674,1846,2650,2897 0 $987,1791,2197 $2050,2118 $2321,2518,2582,2607,2884 $361,392,398,454,580,618,683,693,733,759,1003,1054,1286,1402,1415,1444,1531,1583,1600,1604,1608,1663,1705,1796,1858,1872,1917,2000,2062,2202,2225,2233,2276,2303,2376,2406,2442,2451,2456,2481,2546,2593,2635,2638,2662,2684,2725,2860,2871,2875,2880,2889,2895 0 $2079,2655,2802 $1900 $1961 $2678,2874 $825 
$197,261,277,282,309,347,389,433,451,535,592,638,676,725,803,824,955,988,1013,1049,1087,1167,1191,1223,1250,1293,1437,1451,1457,1506,1566,1626,1636,1674,1713,1742,1779,1790,1847,1894,1909,1943,1949,1967,1983,2011,2024,2031,2044,2067,2135,2154,2198,2208,2216,2234,2288,2296,2386,2394,2415,2417,2444,2524 $661,742,1483,1653,2204,2359 0 $367,688,2411 $335,1440 0 $315,411,1849,1969,1980,2257 $841,1299 $206,1194,1687,1809,2091,2218,2263 0 0 0 $1912 $622,1008,1295 $551,1724,1976 $486,1072,1644,1769 $430,1999,2145 $434,1198,2300,2439 $253,641,990,1901,2028,2147,2272,2402 $290,342,419,476,665,1342,1665,1862,2070 $477,585,1459,1607,1973 $324,545,1797,2061,2450 0 $283,1840 $810,2034 $1656,1725 $1904,2033,2217 $214,299,1059,1326,2505,2520 $793,991,1377,1903,2047 $1503,1548,2089,2290,2335 0 $271,1441,2427 
$851,2559 $1582,3523,3556,3673,3936,4025,4132 $519 $2517,2658,2929,2983,3072,3401,3473,3487,3712,3823,3884,4178 $2140 0 $3331,3440,3449,3565,3745,3908 $567,799,4265,4320,4355,4391,4470,4484,4495,4531 $844,1577,1868,1895,1997 0 $3352,3569,3656,3679,3749,4137,4249,4281,4289,4341,4345 0 $557,786,836,863,940,1287,1337,1433,1595,1752,1814,1837,1844,2440,2562,2761,2930,2934,3103,3366,3443,3568,3713,4399,4444,4465,4593,4596,4599,4602,4605,4608,4611,4614,4617,4620,4623,4626,4629,4632,4635,4638,4641,4644,4647,4650,4653,4656,4659,4662,4665,4668 $1146,1474,1669 $2773 $3349,3422,3425,3438,3605,3655,3682,3962,4172,4294,4333,4392,4415,4448,4459,4466,4483,4504,4524,4541,4548,4559,4562,4572,4576,4580,4583 $902,1007,1658,3042 $1014,1923,2592,3132,3453,3574,3778,4063,4264,4361,4380,4393,4400,4433,4443,4544,4558 $270,1870,2065,2531 $3369,3467,3734 $983,2910,2996,3033,3058,3073,3086,3573,3725,3907,4007,4088 0 $852,1743 0 $538,867,1334,1851,3061,3173,3321,3381,3395,3482,3660,3830,3893,3937,4085 0 0 $601,1232,2175,2697 $575,1430,1462 $3383,3475,3645,3714,3766,3827,4191,4261,4304,4308,4364,4371,4442,4488 $3726,3768,4332,4547,4571,4589 $898,1145,1717 
$4,125 $840,3263,3368,3392,3420,3499,3889,3963,4138,4149,4214 $52 $5,46,60,75,122,217,540,558,645,656,756,778,809,823,921,932,1074,1348,1492,1720,1745,1756,1763,1815,1886,1933,2035,2138,2384,2425,2434,2478,2601,2620,2714,2728,2756,2832,2845,2851,2885,2949,3669,3828,3861 $138,386,1390 $3 $2470,3009,3486,3850,4037,4168 $1098,1593,1879,3018,3234,3348,3599,3842,3862 $187,475 0 $2863,3081,3106,3156,3818,3998 $53,118 $506,562,653,808,1820,2726,2962,3333,3344,3840,3881,3931,4118,4216 $1132,1541,1599 $260,570,1801,2212,2424,2835 $908,1129,3187,3385,3430 $489,518,2789,2933,2966 $2429,2873,3035,3279,3427,4099,4189 $946 $2718,3031,3170,3236,3896 $944,1798,2149,3112,3154,3192,3410,3601 $288,1403,1936,2002,2375,2443 0 $505,1431,2621,2951,2981,3037,3360,3590,3622,3877 0 $2886 $221,698,2090,2599,2711 $1938,2053,2709 $81,218,734,1353 $181,1768,2401,3147,3702,3751,3838,4013,4152,4213 $936,1778,3008,3598,3671,3843,3869,4005 $96,1749,2116,2273,2280,2460 
$715,1715,2251,2556 $1395,1635,1869,2570,2878,2980 0 $642,1957,2902,2923 $1613 0 $1142,1543,2110,2523,2737,2899 $697,743,2587 0 0 $1829,2345,2850 0 $2552,2903,2913 $1587,1631,1689 $673,1733,2529,2632 $760,2906 $1832,2046,2128,2461,2911 $741,2390,2618,2815,2891 $1660,2133 $1729,1826,2308,2312,2557,2896,2912 $865,1233,1622,1889,2496,2907 $753,780,838,869,961,1010,1126,1149,1178,1274,1461,1580,1651,1671,1711,1726,1736,1804,1836,1861,1953,2030,2077,2088,2115,2166,2180,2245,2366,2509,2521,2549,2567,2586,2589,2598,2626,2648,2681,2742,2751,2788,2805,2821,2828,2833,2862,2882,2887 $534,714,1968,2252 $1701,2760 $777,922,1552,1719,2619,2905,2920 0 $651,2694 $379,1494,1760,2631 $459,1077,1479 $1406,1877,2642,2754,2914 $1296,2326,2532,2890,2948 $1046,2189,2230,2416 
$899,1898,2657,2693,2747 $245,1519,2267,2287,2381,2654,2691,2699,2762 0 $658,2743 0 0 $1518,1792,2206,2763,2848 $672,701,872,2918 $285,403,409,484,548,554,604,654,699,722,773,776,882,887,1141,1275,1399,1420,1515,1596,1621,1640,1761,1780,1785,1839,1905,2001,2131,2146,2214,2224,2269,2311,2350,2360,2383 0 $224,464,564,1298,1708,1794,2278 0 $746,1841,1902,1907,2841 $923,1647,1709 $488,1878,2749,2844 $226,569,639,1996,2373,2722 $313,2807,2834 $496,1093,2364,2794 $2553 $2836 $1060,2857 $629,813,1873,2611,2869 $196,308,1166,2039,2045,2235,2289 $317,1662,2399,2908 $2609,2695 0 0 $329,1827,2283,2292,2665 0 $1257,1505,2603,2616,2670,2723 $237,1831,2159,2578,2686,2791 $1537,1697 
$1051,2340,2676,2817 $1190,1383,2547,2640,2673,2736 $225 $441,467,1919,1935,2010,2084,2661 0 0 $246,969,1204,2464 $359,801,1946,2792 0 0 $624,1993,2498,2560 0 0 0 $215,291,352,442,529,577,626,846,976,1058,1080,1202,1226,1231,1290,1336,1338,1442,1495,1668,1741,1854,1931,1966,2054,2075,2127,2151,2176,2220,2259,2293,2306,2315,2327,2343,2495,2504,2519,2583,2646,2652,2668,2698,2710,2777,2786,2809,2814 $431,615,830,2074,2125,2602 $501,576,621,1294,1683,2810 $2633 $1095,1819,2352,2491,2535 $1833,2186,2247,2651,2776 $530,627,811,1948,2313,2330,2799,2813 $2628 $2341,2516 $888,1817,2172,2554 $216,1347,2426,2831 $1952,2087,2508,2680 0 0 $303 $339,859,1686,1855,2339 $406,2195,2332 $2178,2201,2525 
$87,155,186,2130 $69,126,306,1446,1970 $244 $10,80,156,310,376,1703,2043 $71,258 0 $164 $85,223,768 $83,114,143,1454 0 $1880 0 0 0 $296,328,1522 $380,669,775,1405 $78,171,388,1172,1571,1680 $158,473,679,1284 $168,614,735,792,929,941,968,999,1181,1378,1382,1421,1429,1478,1633,1899,2048,2073 $737,771,949,984 $1025,1392 $732,1004,1464,1789 $417,1043,1263,2021,2129 $1229,1434,2060 $161 0 $300,404,1639 0 0 $385,1806 $470 $159,356 
$64 $1057,3135,3269,3343,3415,3519,3567,4018,4104,4177 $269,995 $27,553,2961,3168,3693,3846,3933,4030,4105,4215 $862,1331 0 $2148,2700,3159,3224,3336,3375,3496,3517,3638,3651,3847,3899,4073 $1195,1692,2096,2942,2960,3104,3396,3509,3564,4068,4284,4432,4481,4491 $21,849,1211,2614 0 $2457,3127,3476,3783,3832,3864,3940,4067,4239,4325,4352 $38 $2947,3155,3193,3237,3249,3393,3493,3617,3723,3773,3865,4064,4079,4396 $745 $1874,2371,2378,2688 $202,248,273,547,705,1183,1236,1258,1554,1690,1811,1864,2362,2437,2511,2617,3506,3528,3608,3782,3816,3836,3860,4074,4175,4302,4385,4494 $1201,1860,2342,2956,2995,3024 $1777,2357,3505,3799,4112,4250,4297,4309,4375,4419,4424 $113,183,1078,1772 $234,3120,3180,3207,3330,3335,3772,3817,3834,3852,3892 $1271,3068,3215,3463,3735,3821,3853 $703,1414 $281,1787 $2975,3048,3533,3740,3863,4142,4160,4255,4278,4291,4296,4330,4338,4389,4409,4430,4452,4456,4460,4463,4467,4482 $61,3252,3292,4065,4171 $1835,2114 $188,1419,1891,2679 $1048,1965,2347,2689 $351,1737 0 $974,3261,3382,3502,3811,3858,4101,4187,4225,4262,4363,4368,4407,4474,4479,4499 $320,1649,2107 
$789,1157,1786,2543 $2111,3032,3242,3542,3595,4190 $1119,1139 $3280 $826,855 0 $1165,2769,2982,3275,3293,3327,3784,3991,4001,4157 $508,1106,2976,3291,3730,3849,4008,4271,4337,4374,4406,4410,4455,4473,4477,4498,4506,4520 $933 0 $1005,3043,3131,3920,4109,4258 0 $3201,3260,3290,3312,3602,3742,4247,4293,4340,4372,4567,4570,4574,4578,4582,4671,4673,4675,4677 $436,472,687,957 $877,2336,2830 $3562,3687,3709,3731,4194,4231,4272,4329,4427,4451,4527,4535,4545,4554,4587 $1315,3084 $325,382,424,458,589,630,973,992,1068,1096,1121,1160,1297,1314,1652,1750,1910,1964,2071,2080,2100,2160,2196,2325,2333,2479,2677,2685,2827,2853,3016,3251,3646,3741,3814,4016 $1992,2161,2194,2238 $396,2977,3130,3217,3270,3631,3648,3661 $3219,3930,4072,4094,4122 $684,2594 $1156,2032 $3124,3428,3514,3581,3915,4199,4282,4322,4354,4394,4397,4434,4502,4540,4550,4560,4591,4594,4597,4600,4603,4606,4609,4612,4615,4618,4621,4624,4627,4630,4633,4636,4639,4642,4645,4648,4651,4654,4657,4660,4663,4666 $2952,3020,3108,3388,3813 $2078 $439,774,1163,2104,2382,2811,2838 $578,847,2119,2572 $233,2037 $1038,3244,3492,3504,3603,4127,4158,4275,4344,4457,4485,4497 0 $1317,1567,1614,2334,2433 
$263,835,915,2431,2533 $445,498,500,1758 0 $787,866,1109,1116,2157,2420,2465 $266,394,413,428,447,525,597,858,897,1018,1028,1045,1061,1067,1107,1117,1174,1259,1277,1303,1316,1361,1388,1427,1436,1447,1488,1510,1540,1555,1568,1603,1648,1699,1718,1748,1755,1825,1842,1913,1975,2018,2085,2177,2188,2205,2274,2279,2319 0 $301,1022,1241,1281,2527 $120,912 $650,1349,1545 0 $55,146,292,2294 $128 $1412,1702 $1075,1182,1570 $279,905 $1318,1616,1856,2338 $437,1523 $536,1765,2027 $384,421,2320 $116,144,160,1511,2541 $1131,1370,1538,2022,2397 $362,1341,1605,2410 $348,432,1452,1848,2418,2445 $939,1598,1753,1892 $47,720,1387,1721,1757,2435 $2167,2522,2539 $284,1762,2438 $2328 0 $541,2239 $1730 0 

