# of threads: 32
The overall communication matrix between threads 
0 0 0 0 0 0 0 0 0 0 0 0 0 0 0 0 0 0 0 0 0 0 0 0 0 0 0 0 0 0 0 0 
129272 0 125352 128816 119084 108612 105384 135604 132172 128324 132264 122212 118780 112068 122068 128952 108664 115516 125308 118656 120548 131880 128784 108604 132344 131840 135348 122020 118604 120568 115484 130472 
146172 118720 0 115428 112096 115568 118756 125276 125612 128884 128628 118768 119196 101920 111972 125776 128792 88340 111852 122344 102168 128880 128420 127048 118536 105080 122212 125480 121960 122040 122132 111776 
121872 125524 135936 0 106800 135264 115468 121748 121888 125788 122124 121984 115188 125524 131860 118368 121860 122188 121936 122108 108460 122228 121952 108500 132320 108672 118848 135564 118696 121948 116996 118240 
135824 118624 128660 115108 0 118740 98780 119112 128868 125820 118672 115564 108744 122028 115052 119016 113904 115264 121828 132108 107236 115256 125428 111988 118600 118408 119248 118528 122328 122052 120484 111652 
119012 115412 125872 122032 130912 0 132052 122456 125412 132284 122156 108852 118672 115392 105400 128508 125256 115392 118936 122232 121752 128972 115340 115364 139004 108764 112476 105456 110280 102392 125512 121844 
135796 105616 125420 122160 125800 129004 0 132224 128712 122452 115200 118672 115704 135208 118772 118904 115428 115284 105712 122200 125184 110176 122060 115640 115768 122208 128520 102024 121940 128884 118676 121908 
115584 122340 102008 125244 128912 112064 147444 0 135484 128632 118592 115240 125584 125508 118776 121872 118840 121992 132084 125644 112024 131828 128732 128784 125600 125524 128956 128712 122104 118680 122312 121984 
132612 121884 125512 121960 128740 135424 122256 145408 0 118724 111996 119068 112376 128728 122444 122064 123728 113724 131944 115456 115256 128632 125540 132148 129228 108824 122076 118744 112124 109084 128664 105128 
115456 105500 112088 128792 125564 112212 112064 134032 132716 0 135112 116844 115400 108548 112184 122160 108804 120616 129036 121980 128756 122240 125536 101760 135336 115416 122196 115200 108732 115136 108500 125404 
119084 118720 135648 112036 113788 132028 115368 132436 132992 108884 0 135508 95356 135088 128600 122148 108676 115432 118692 115784 118624 122020 123872 111832 112012 108732 122320 125688 108652 115624 108868 106808 
132184 131988 123808 131988 118724 116748 110452 133468 115720 115356 132624 0 108652 102284 131924 132400 135568 115216 115664 132056 135620 118856 91828 125544 122480 113452 118652 128920 111932 105496 128476 132156 
132160 132340 111956 122064 122324 112232 105188 122320 130832 117176 108664 118984 0 112136 118444 112040 123948 113648 115472 125356 122112 118864 115432 115472 94976 105444 118700 115460 116912 118800 115316 111992 
115448 128848 108744 135232 115204 118736 125692 129092 125860 108812 129116 112036 122484 0 102284 125672 119232 122372 115568 122076 128700 118852 112156 125636 125520 135676 118840 125816 115460 118988 129048 115420 
122416 122280 118756 122236 115628 128976 105220 125176 122296 105184 118936 122040 122852 98532 0 118976 122208 108592 127360 121880 118480 130616 118740 105468 118864 105332 122332 125408 105588 111744 112120 115476 
125384 135368 121928 125484 142212 132228 102120 121932 125444 111940 128744 128812 118836 125508 139080 0 118600 128564 115352 125592 118560 122144 127028 128572 122192 122044 118688 113648 132280 115548 115468 125140 
135836 141868 118676 111956 125744 118812 132312 115324 125412 128944 115540 128820 115532 125512 128580 115572 0 125260 125328 115256 135540 122060 115804 123796 135380 125500 107136 118704 118664 118740 128876 131928 
122284 115568 112196 108804 118724 111900 112020 115372 115668 115400 95724 118828 105208 112088 108696 112336 136192 0 135416 125468 122392 131764 125472 105520 108772 105780 122068 108688 115440 115284 111892 127016 
126960 118664 125376 122332 132256 135524 109020 138540 127244 128740 118804 126804 122048 115588 126772 128472 125876 105404 0 118636 132148 125328 138836 125668 122160 121844 118812 119040 122068 112396 122244 118612 
138896 111796 122088 122064 118588 125132 121796 125436 115496 126968 115236 131848 131936 105368 122416 125748 128844 122136 125780 0 121996 122172 128744 125648 125208 128680 125628 125708 112136 122644 108728 108600 
115496 118820 108608 115640 118980 105508 121944 128768 122108 135480 122368 118860 115444 118660 113772 125552 149208 122152 122288 121972 0 118608 125380 110564 122232 111740 125296 112084 103640 115364 115136 115352 
101864 129028 125752 112144 128704 118792 115052 115608 125692 118696 105332 132024 125164 129016 111896 131764 125676 125748 124156 110172 136140 0 118796 111952 98424 122272 125224 117392 111972 122280 118740 125540 
128988 119004 118836 132200 125384 128860 118756 125504 121968 121944 115956 98720 128924 105580 128552 122080 105264 132008 118584 129332 149124 111980 0 118872 125792 130776 121932 121748 118700 125644 118544 115108 
112196 112496 111844 105132 112200 128880 128828 118928 135564 118788 141972 122128 115280 118524 118908 115624 122088 105320 132056 128576 111992 115476 129420 0 128868 115420 125732 121872 129140 118664 118940 118736 
115728 128764 128720 129088 115424 119000 122428 102588 115444 128716 128764 130696 108976 119080 128896 122320 136036 121944 115708 112248 125636 110512 132280 115372 0 122800 119220 122156 115512 122340 132404 125688 
121880 115532 117172 118912 120156 109088 115708 128844 108412 118696 102056 118820 115392 128956 105456 125308 118608 128884 115420 115384 115480 112040 122160 122208 122512 0 127228 112288 130576 125808 113720 101936 
128556 118804 125336 125624 125448 118660 122060 125684 122396 118672 130296 118800 115600 123928 115524 125012 125108 115424 122228 118748 122168 125288 112120 122028 129192 108760 0 127948 138424 118816 128920 118640 
122232 115628 128536 125732 112308 106956 103700 129136 118620 108464 125160 118936 121828 125680 101904 125624 122356 111736 132056 108808 112276 125536 119112 102168 108836 115560 146424 0 128744 107084 115468 118668 
122136 122268 125512 125656 122056 132156 118480 128700 115252 108920 128448 125364 98532 115544 122128 125828 110580 109824 107028 116852 105368 122208 125232 112340 135508 122188 135628 115636 0 122340 108824 118392 
111916 122352 128960 128816 127164 121924 132176 131876 108716 104984 112316 125664 98856 118616 115488 122384 128692 119220 115472 98800 101708 118940 121972 125560 122284 112348 122436 102108 146336 0 127168 125252 
113664 105288 125528 115484 118892 119000 125688 132188 125244 98828 125428 128796 115384 115472 112004 121984 118880 92112 122076 112216 95436 108876 117200 98632 119012 102100 118688 122132 132440 122272 0 127268 
115136 134828 128276 118228 109600 102836 101936 118472 104740 111588 111724 124880 124960 101448 108824 124888 115176 118012 104868 95000 114992 114908 131664 111696 117960 104924 121760 124776 114956 118236 135600 0 

0 |--> /home/amiryousefi/MasterThesis/Codes/NAS/NPB3.3-OMP-C/CG/cg.c::__kmpc_barrier line: 0:263::0
0 0 0 0 0 0 0 0 0 0 0 0 0 0 0 0 0 0 0 0 0 0 0 0 0 0 0 0 0 0 0 0 
0 0 0 0 0 0 0 0 0 0 0 0 0 0 0 0 0 0 0 0 0 0 0 0 0 0 0 0 0 0 0 0 
0 0 0 0 0 0 0 0 0 0 0 0 0 0 0 0 0 0 0 0 0 0 0 0 0 0 0 0 0 0 0 0 
0 0 0 0 0 0 0 0 0 0 0 0 0 0 0 0 0 0 0 0 0 0 0 0 0 0 0 0 0 0 0 0 
0 0 0 0 0 0 0 0 0 0 0 0 0 0 0 0 0 0 0 0 0 0 0 0 0 0 0 0 0 0 0 0 
0 0 0 0 0 0 0 0 0 0 0 0 0 0 0 0 0 0 0 0 0 0 0 0 0 0 0 0 0 0 0 0 
0 0 0 0 0 0 0 0 0 0 0 0 0 0 0 0 0 0 0 0 0 0 0 0 0 0 0 0 0 0 0 0 
0 0 0 0 0 0 0 0 0 0 0 0 0 0 0 0 0 0 0 0 0 0 0 0 0 0 0 0 0 0 0 0 
0 0 0 0 0 0 0 0 0 0 0 0 0 0 0 0 0 0 0 0 0 0 0 0 0 0 0 0 0 0 0 0 
0 0 0 0 0 0 0 0 0 0 0 0 0 0 0 0 0 0 0 0 0 0 0 0 0 0 0 0 0 0 0 0 
0 0 0 0 0 0 0 0 0 0 0 0 0 0 0 0 0 0 0 0 0 0 0 0 0 0 0 0 0 0 0 0 
0 0 0 0 0 0 0 0 0 0 0 0 0 0 0 0 0 0 0 0 0 0 0 0 0 0 0 0 0 0 0 0 
0 0 0 0 0 0 0 0 0 0 0 0 0 0 0 0 0 0 0 0 0 4 0 0 0 0 0 0 0 0 0 0 
0 0 0 0 0 0 0 0 0 0 0 0 0 0 0 0 0 0 0 0 0 0 0 0 0 0 0 0 0 0 0 0 
0 0 0 0 0 0 0 0 0 0 0 0 0 0 0 0 0 0 0 0 0 0 0 0 0 0 0 0 0 0 0 0 
0 0 0 0 0 0 0 0 0 0 0 0 0 0 0 0 0 0 0 0 0 0 0 0 0 0 0 0 0 0 0 0 
0 0 0 0 0 0 0 0 0 0 0 0 0 0 0 0 0 0 0 0 0 0 0 0 0 0 0 0 0 0 0 0 
0 0 0 0 0 0 0 0 0 0 0 0 0 0 0 0 0 0 0 0 0 0 0 0 0 0 0 0 0 0 0 0 
0 0 0 0 0 0 0 0 0 0 0 0 0 0 0 0 0 0 0 0 0 0 0 0 0 0 0 0 0 0 0 0 
0 0 0 0 0 0 0 0 0 0 0 0 0 0 0 0 0 0 0 0 0 0 0 0 0 0 0 0 0 0 0 0 
0 0 0 0 0 0 0 0 0 0 0 0 0 0 0 0 0 0 0 0 0 0 0 0 0 0 0 0 0 0 0 0 
0 0 0 0 0 0 0 0 0 0 0 0 0 0 0 0 0 0 0 0 0 0 0 0 0 0 0 0 0 0 0 0 
0 0 0 0 0 0 0 0 0 0 0 0 0 0 0 0 0 0 0 0 0 0 0 0 0 0 0 0 0 0 0 0 
0 0 0 0 0 0 0 0 0 0 0 0 0 0 0 0 0 0 0 0 0 0 0 0 0 0 0 0 0 0 0 0 
0 0 0 0 0 0 0 0 0 0 0 0 0 0 0 0 0 0 0 0 0 0 0 0 0 0 0 0 0 0 0 0 
0 0 0 0 0 0 0 0 0 0 0 0 0 0 0 0 0 0 0 0 0 0 0 0 0 0 0 0 0 0 0 0 
0 0 0 0 0 0 0 0 0 0 0 0 0 0 0 0 0 0 0 0 0 0 0 0 0 0 0 0 0 0 0 0 
0 0 0 0 0 0 0 0 0 0 0 0 0 0 0 0 0 0 0 0 0 0 0 0 0 0 0 0 0 0 0 0 
0 0 0 0 0 0 0 0 0 0 0 0 0 0 0 0 0 0 0 0 0 0 0 0 0 0 0 0 0 0 0 0 
0 0 0 0 0 0 0 0 0 0 0 0 0 0 0 0 0 0 0 0 0 0 0 0 0 0 0 0 0 0 0 0 
0 0 0 0 0 0 0 0 0 0 0 0 0 0 0 0 0 0 0 0 0 0 0 0 0 0 0 0 0 0 0 0 
0 0 0 0 0 0 0 0 0 0 0 0 0 0 0 0 0 0 0 0 0 0 0 0 0 0 0 0 0 0 0 0 

0 |--> /home/amiryousefi/MasterThesis/Codes/NAS/NPB3.3-OMP-C/CG/cg.c::__kmpc_barrier line: 0:805::0
0 0 0 0 0 0 0 0 0 0 0 0 0 0 0 0 0 0 0 0 0 0 0 0 0 0 0 0 0 0 0 0 
0 0 4 4 4 4 4 4 4 4 4 4 4 4 4 4 4 4 4 4 4 4 4 4 4 4 4 4 4 4 4 4 
0 0 0 4 4 4 4 4 4 4 4 4 4 4 4 4 4 4 4 4 4 4 4 4 4 4 4 4 4 4 4 4 
0 0 0 0 4 4 4 4 4 4 4 4 4 4 4 4 4 4 4 4 4 4 4 4 4 4 4 4 4 4 4 4 
0 0 0 0 0 4 4 4 4 4 4 4 4 4 4 4 4 4 4 4 4 4 4 4 4 4 4 4 4 4 4 4 
0 0 0 0 0 0 4 4 4 4 4 4 4 4 4 4 4 4 4 4 4 4 4 4 4 4 4 4 4 4 4 4 
0 0 0 0 0 0 0 4 4 4 4 4 4 4 4 4 4 4 4 4 4 4 4 4 4 4 4 4 4 4 4 4 
0 0 0 0 0 0 0 0 4 4 4 4 4 4 4 4 4 4 4 4 4 4 4 4 4 4 4 4 4 4 4 4 
0 0 0 0 0 0 0 0 0 4 4 4 4 4 4 4 4 4 4 4 4 4 4 4 4 4 4 4 4 4 4 4 
0 0 0 0 0 0 0 0 0 0 4 4 4 4 4 4 4 4 4 4 4 4 4 4 4 4 4 4 4 4 4 4 
0 0 0 0 0 0 0 0 0 0 0 4 4 4 4 4 4 4 4 4 4 4 4 4 4 4 4 4 4 4 4 4 
0 0 0 0 0 0 0 0 0 0 0 0 4 4 4 4 4 4 4 4 4 4 4 4 4 4 4 4 4 4 4 4 
0 0 0 0 0 0 0 0 0 0 0 0 0 4 4 4 4 4 4 4 4 4 4 4 4 4 4 4 4 4 4 4 
0 0 0 0 0 0 0 0 0 0 0 0 0 0 4 4 4 4 4 4 4 4 4 4 4 4 4 4 4 4 4 4 
0 0 0 0 0 0 0 0 0 0 0 0 0 0 0 4 4 4 4 4 4 4 4 4 4 4 4 4 4 4 4 4 
0 0 0 0 0 0 0 0 0 0 0 0 0 0 0 0 4 4 4 4 4 4 4 4 4 4 4 4 4 4 4 4 
0 0 0 0 0 0 0 0 0 0 0 0 0 0 0 0 0 4 4 4 4 4 4 4 4 4 4 4 4 4 4 4 
0 0 0 0 0 0 0 0 0 0 0 0 0 0 0 0 0 0 4 4 4 4 4 4 4 4 4 4 4 4 4 4 
0 0 0 0 0 0 0 0 0 0 0 0 0 0 0 0 0 0 0 4 4 4 4 4 4 4 4 4 4 4 4 4 
0 0 0 0 0 0 0 0 0 0 0 0 0 0 0 0 0 0 0 0 4 4 4 4 4 4 4 4 4 4 4 4 
0 0 0 0 0 0 0 0 0 0 0 0 0 0 0 0 0 0 0 0 0 4 4 4 4 4 4 4 4 4 4 4 
0 0 0 0 0 0 0 0 0 0 0 0 0 0 0 0 0 0 0 0 0 0 4 4 4 4 4 4 4 4 4 4 
0 0 0 0 0 0 0 0 0 0 0 0 0 0 0 0 0 0 0 0 0 0 0 4 4 4 4 4 4 4 4 4 
0 0 0 0 0 0 0 0 0 0 0 0 0 0 0 0 0 0 0 0 0 0 0 0 4 4 4 4 4 4 4 4 
0 0 0 0 0 0 0 0 0 0 0 0 0 0 0 0 0 0 0 0 0 0 0 0 0 4 4 4 4 4 4 4 
0 0 0 0 0 0 0 0 0 0 0 0 0 0 0 0 0 0 0 0 0 0 0 0 0 0 4 4 4 4 4 4 
0 0 0 0 0 0 0 0 0 0 0 0 0 0 0 0 0 0 0 0 0 0 0 0 0 0 0 4 4 4 4 4 
0 0 0 0 0 0 0 0 0 0 0 0 0 0 0 0 0 0 0 0 0 0 0 0 0 0 0 0 4 4 4 4 
0 0 0 0 0 0 0 0 0 0 0 0 0 0 0 0 0 0 0 0 0 0 0 0 0 0 0 0 0 4 4 4 
0 0 0 0 0 0 0 0 0 0 0 0 0 0 0 0 0 0 0 0 0 0 0 0 0 0 0 0 0 0 4 4 
0 0 0 0 0 0 0 0 0 0 0 0 0 0 0 0 0 0 0 0 0 0 0 0 0 0 0 0 0 0 0 4 
0 0 0 0 0 0 0 0 0 0 0 0 0 0 0 0 0 0 0 0 0 0 0 0 0 0 0 0 0 0 0 0 

0 |--> /home/amiryousefi/MasterThesis/Codes/NAS/NPB3.3-OMP-C/CG/cg.c::__kmpc_barrier line: 0:818::0
0 0 0 0 0 0 0 0 0 0 0 0 0 0 0 0 0 0 0 0 0 0 0 0 0 0 0 0 0 0 0 0 
640 0 604 736 948 476 584 868 876 252 828 780 620 604 536 860 548 728 528 560 616 476 672 456 940 428 672 600 476 788 692 764 
784 572 0 528 640 800 632 528 872 796 528 592 1072 480 512 1004 708 168 384 860 600 660 424 684 440 316 796 672 520 600 720 352 
544 904 808 0 472 660 764 452 432 1128 696 664 544 856 568 376 584 860 612 832 344 920 632 496 1016 648 884 920 704 644 560 236 
580 496 588 360 0 584 656 976 764 1032 556 760 620 616 272 900 620 484 404 668 820 464 680 548 492 320 944 444 900 616 836 228 
904 496 1000 608 644 0 632 1028 636 864 652 744 588 588 580 436 504 620 792 788 324 864 536 568 928 644 996 504 520 900 752 384 
1080 848 648 716 524 796 0 808 640 1048 444 600 792 448 684 824 680 532 900 800 440 520 604 896 976 664 456 576 504 784 576 572 
784 880 544 476 828 400 556 0 736 664 476 432 788 740 616 416 740 520 624 860 544 392 628 668 796 752 804 620 528 572 896 540 
644 472 676 512 652 660 576 796 0 596 532 948 880 632 1008 632 548 616 524 668 336 648 792 716 1140 540 520 644 668 952 576 328 
688 736 648 704 796 760 620 968 788 0 484 360 464 440 748 724 704 844 908 572 648 792 772 256 588 568 772 420 612 356 264 496 
952 624 784 452 756 588 580 1008 924 648 0 752 528 472 512 732 552 668 604 992 504 600 816 368 556 612 832 920 524 852 740 388 
768 580 704 560 596 324 632 464 932 604 696 0 464 820 496 968 836 436 752 632 848 720 360 752 1052 464 544 844 468 696 388 748 
736 944 520 636 904 808 404 896 556 752 560 920 0 656 352 604 864 524 696 568 804 648 644 692 176 660 624 696 504 696 540 560 
560 640 528 612 268 500 804 904 988 588 920 500 424 0 576 776 956 780 648 516 548 608 592 704 636 824 628 868 564 760 948 516 
972 716 660 744 856 892 408 412 872 392 704 616 912 420 0 852 760 476 1048 452 396 868 576 660 624 532 872 652 784 300 672 688 
604 496 500 696 820 820 628 456 692 512 504 732 728 748 504 0 444 440 720 828 484 704 688 484 784 556 576 608 864 620 688 360 
576 456 588 536 828 668 880 496 668 876 764 712 720 716 500 748 0 340 552 428 788 648 1000 620 608 736 664 588 528 624 752 512 
852 828 748 692 648 456 596 632 880 636 900 732 420 624 576 772 948 0 772 724 940 316 712 748 660 880 528 576 676 512 380 588 
580 572 600 876 772 784 900 604 808 664 684 384 620 772 416 384 608 604 0 524 744 556 760 912 704 396 684 944 632 960 764 488 
712 352 504 628 464 380 380 648 720 588 468 404 524 552 972 1004 760 680 500 0 528 724 652 900 424 568 868 948 672 1076 732 448 
712 716 480 876 892 736 496 680 688 860 932 744 676 548 740 776 632 732 828 536 0 512 620 848 836 400 540 644 528 732 464 592 
368 936 1000 668 628 684 272 832 916 600 540 704 396 816 440 344 820 984 1048 480 836 0 616 484 284 816 476 984 532 848 616 772 
856 804 716 772 576 756 644 696 408 600 1120 560 840 776 556 656 472 596 500 1232 512 488 0 628 964 1012 480 288 584 852 420 280 
732 1040 396 324 748 744 724 688 808 676 704 680 488 436 752 848 656 524 676 488 556 688 784 0 756 600 976 436 1012 536 800 616 
664 700 620 856 444 888 820 976 508 600 528 820 588 920 668 744 600 496 788 672 772 612 728 460 0 368 956 600 624 744 820 800 
412 772 660 684 452 856 940 716 288 572 460 732 472 844 660 512 504 680 660 592 572 576 724 740 468 0 608 836 832 1004 600 328 
440 704 568 936 676 480 636 892 952 528 532 808 732 788 752 504 412 648 724 768 856 496 692 708 476 520 0 956 500 668 676 516 
780 736 456 828 848 612 568 1056 532 308 404 696 384 896 548 736 772 260 612 556 692 768 860 688 608 788 932 0 896 644 672 540 
700 956 712 912 716 732 448 712 488 796 496 600 508 740 676 908 792 212 556 420 584 776 480 752 396 756 772 860 0 820 540 272 
460 768 816 700 724 424 628 452 552 192 572 884 592 512 588 924 600 840 672 640 216 844 524 820 856 888 848 504 852 0 312 480 
736 476 744 720 660 912 920 896 496 512 636 652 720 712 692 536 788 624 748 784 632 780 816 576 872 628 612 716 488 724 0 372 
652 520 624 552 372 248 748 660 340 512 544 560 404 368 912 524 792 316 332 608 640 544 640 512 292 556 716 432 592 540 672 0 

0 |--> /home/amiryousefi/MasterThesis/Codes/NAS/NPB3.3-OMP-C/CG/cg.c::__kmpc_barrier line: 0:909::0
0 0 0 0 0 0 0 0 0 0 0 0 0 0 0 0 0 0 0 0 0 0 0 0 0 0 0 0 0 0 0 0 
0 0 0 0 0 0 0 0 0 0 0 0 0 0 0 0 0 0 0 0 0 0 0 0 0 0 0 0 0 0 0 0 
0 0 0 0 0 0 0 0 0 0 0 0 0 0 0 0 0 0 0 0 0 0 0 0 0 0 0 0 0 0 0 0 
0 0 0 0 0 0 4 0 0 0 0 0 0 0 0 0 0 0 0 0 0 0 0 0 0 0 0 0 0 0 0 0 
0 4 0 0 0 0 0 0 0 0 0 0 0 0 0 0 0 0 0 0 0 0 0 0 0 0 0 0 0 4 0 0 
4 0 0 0 0 0 0 0 0 0 0 0 0 0 0 0 0 0 0 0 0 0 0 0 0 0 0 0 0 0 0 0 
0 0 0 0 0 0 0 0 0 0 0 0 0 0 0 0 0 0 0 0 0 0 0 0 0 0 0 0 0 0 0 0 
0 0 0 0 0 0 0 0 0 0 0 0 4 0 0 0 0 0 0 0 0 0 0 0 0 0 0 0 0 0 4 0 
0 0 0 0 0 0 0 0 0 0 0 0 4 0 0 0 0 0 0 0 0 0 0 0 0 0 0 0 0 0 0 0 
0 0 0 0 0 0 0 0 0 0 0 0 0 0 0 0 0 0 0 0 0 0 0 0 0 0 0 0 0 0 0 0 
0 0 0 0 0 0 0 0 0 0 0 0 0 0 0 0 0 0 0 0 0 0 4 0 0 0 0 0 0 0 0 0 
0 0 0 0 0 0 0 0 0 0 0 0 0 0 0 0 0 0 0 0 0 0 0 0 0 0 0 0 0 0 0 0 
0 0 0 0 0 0 0 0 0 0 0 0 0 0 0 0 0 0 0 0 0 0 0 0 0 0 0 0 0 0 0 0 
0 0 0 0 0 0 0 0 0 0 0 0 0 0 0 0 0 4 0 0 0 0 0 0 0 0 0 0 0 0 0 0 
0 0 0 0 0 0 0 0 0 0 0 0 0 0 0 0 0 0 0 0 0 0 0 0 0 0 0 0 0 0 0 0 
0 0 0 0 0 0 0 0 0 0 0 0 0 0 0 0 0 0 0 0 0 0 0 0 0 0 0 0 0 0 0 0 
0 0 0 0 0 0 4 0 0 0 0 0 0 0 0 0 0 0 0 0 0 0 0 0 0 0 0 0 0 0 0 0 
0 0 0 0 0 0 0 0 0 0 0 0 0 0 0 0 0 0 0 0 0 0 0 0 0 0 0 0 0 0 0 0 
0 0 0 0 0 0 0 0 0 0 0 0 0 4 0 0 0 0 0 0 0 0 0 0 0 0 0 0 0 0 0 4 
0 0 4 0 0 0 0 0 0 0 0 0 0 4 0 0 0 0 0 0 0 0 0 0 0 0 0 0 0 0 4 0 
0 0 0 0 0 0 4 0 0 0 0 0 0 0 0 0 0 0 0 0 0 0 0 0 0 0 0 0 0 0 0 0 
0 0 0 0 0 0 0 0 0 0 0 0 0 0 0 4 0 0 0 0 0 0 0 0 0 0 0 0 0 0 0 0 
0 0 0 0 0 0 0 0 0 0 0 0 0 0 0 0 0 4 0 0 0 0 0 0 0 0 0 0 0 0 0 0 
0 0 0 0 0 0 0 0 0 0 0 0 0 0 0 0 0 0 0 0 0 0 0 0 0 0 0 0 0 0 0 0 
0 0 0 0 0 0 0 0 0 0 0 0 0 0 0 0 0 0 0 0 0 0 0 0 0 0 0 0 0 0 0 0 
0 0 0 0 0 0 0 0 0 0 0 0 0 0 0 0 0 0 0 0 0 0 0 0 0 0 0 0 0 0 0 0 
0 0 0 0 0 4 0 0 0 0 4 0 0 0 0 0 0 0 0 0 0 0 0 0 0 0 0 0 0 0 0 0 
0 0 0 0 0 0 0 0 0 0 0 0 0 0 0 0 0 0 0 0 0 0 0 0 0 0 0 0 0 0 0 0 
0 0 0 0 0 0 0 0 0 0 0 0 0 0 0 0 0 0 0 0 0 0 0 0 0 0 0 0 0 0 0 0 
0 0 8 0 0 0 4 0 0 0 0 0 4 0 0 0 0 0 0 0 0 0 0 0 0 0 0 0 0 0 0 0 
0 0 0 0 0 0 0 0 0 0 0 0 0 0 0 0 0 0 0 0 0 0 0 0 0 0 0 0 0 0 0 0 
0 0 0 0 0 0 0 0 0 0 0 0 0 0 0 0 0 0 0 0 0 0 0 0 0 0 0 0 0 0 0 0 

0 |--> /home/amiryousefi/MasterThesis/Codes/NAS/NPB3.3-OMP-C/CG/cg.c::__kmpc_barrier line: 0:918::0
0 0 0 0 0 0 0 0 0 0 0 0 0 0 0 0 0 0 0 0 0 0 0 0 0 0 0 0 0 0 0 0 
0 0 4 4 4 4 4 4 4 4 4 4 4 4 4 4 4 4 4 4 4 4 4 4 4 4 4 4 4 4 4 4 
0 0 0 4 4 4 4 4 4 4 4 4 4 4 4 4 4 4 4 4 4 4 4 4 4 4 4 4 4 4 4 4 
0 0 0 0 4 4 4 4 4 4 4 4 4 4 4 4 4 4 4 4 4 4 4 4 4 4 4 4 4 4 4 4 
0 0 0 0 0 4 4 4 4 4 4 4 4 4 4 4 4 4 4 4 4 4 4 4 4 4 4 4 4 4 4 4 
0 0 0 0 0 0 4 4 4 4 4 4 4 4 4 4 4 4 4 4 4 4 4 4 4 4 4 4 4 4 4 4 
0 0 0 0 0 0 0 4 4 4 4 4 4 4 4 4 4 4 4 4 8 4 4 4 4 4 4 4 4 4 4 4 
0 0 0 0 0 0 0 0 4 4 4 4 4 4 4 4 4 4 4 4 4 4 4 4 4 4 4 4 4 4 4 4 
0 0 0 0 0 0 0 0 0 4 4 4 4 4 4 4 4 4 4 4 4 4 4 4 4 4 4 4 4 4 4 4 
0 0 0 0 0 0 0 0 0 0 4 4 4 4 4 4 4 4 4 4 4 4 4 4 4 4 4 4 4 4 4 4 
0 0 0 0 0 0 0 0 0 0 0 4 4 4 4 4 4 4 4 4 4 4 4 4 4 4 4 4 4 4 4 4 
0 0 0 0 0 0 0 0 0 0 0 0 4 4 4 4 4 4 4 4 4 4 4 4 4 4 4 4 4 4 4 4 
0 0 0 0 0 0 0 0 0 0 0 0 0 4 4 4 4 4 4 4 4 4 4 4 4 4 4 4 4 4 4 4 
0 0 0 0 0 0 0 0 0 0 0 0 0 0 4 4 4 4 4 4 4 4 4 4 4 4 4 4 4 4 4 4 
0 0 0 0 0 0 0 0 0 0 0 0 0 0 0 4 4 4 4 4 4 4 4 4 4 4 4 4 4 4 4 4 
0 0 0 0 0 0 0 0 0 0 0 0 0 0 0 0 4 4 4 4 4 4 4 4 4 4 4 4 4 4 4 4 
0 0 0 0 0 0 0 0 0 0 0 0 0 0 0 0 0 4 4 4 4 4 4 4 4 4 4 4 4 4 4 4 
0 0 0 0 0 0 0 0 0 0 0 0 0 0 0 0 0 0 4 4 4 4 4 4 4 4 4 4 4 4 4 4 
0 0 0 0 0 0 0 0 0 0 0 0 0 0 0 0 0 0 0 4 4 4 4 4 4 4 4 4 4 4 4 4 
0 0 0 0 0 0 0 0 0 0 0 0 0 0 0 0 0 0 0 0 4 4 4 4 4 4 4 4 4 4 4 4 
0 0 0 0 0 0 0 0 0 0 0 0 0 0 0 0 0 0 0 0 0 4 4 4 4 4 4 4 4 4 4 4 
0 0 0 0 0 0 0 0 0 0 0 0 0 0 0 0 0 0 0 0 0 0 4 4 4 4 4 4 4 4 4 4 
0 0 0 0 0 0 0 0 0 0 0 0 0 0 0 0 0 0 0 0 0 0 0 4 4 4 4 4 4 4 4 4 
0 0 0 0 0 0 0 0 0 0 0 0 0 0 0 0 0 0 0 0 0 0 0 0 4 4 4 4 4 4 4 4 
0 0 0 0 0 0 0 0 0 0 0 0 0 0 0 0 0 0 0 0 0 0 0 0 0 4 4 4 4 4 4 4 
0 0 0 0 0 0 0 0 0 0 0 0 0 0 0 0 0 0 0 0 0 0 0 0 0 0 4 4 4 4 4 4 
0 0 0 0 0 0 0 0 0 0 0 0 0 0 0 0 0 0 0 0 0 0 0 0 0 0 0 4 4 4 4 4 
0 0 0 0 0 0 0 0 0 0 0 0 0 0 0 0 0 0 0 0 0 0 0 0 0 0 0 0 4 4 4 4 
0 0 0 0 0 0 0 0 0 0 0 0 0 0 0 0 0 0 0 0 0 0 0 0 0 0 0 0 0 4 4 4 
0 0 0 0 0 0 0 0 0 0 0 0 0 0 0 0 0 0 0 0 0 0 0 0 0 0 0 0 0 0 4 4 
0 0 0 0 0 0 0 0 0 0 0 0 0 0 0 0 0 0 0 0 0 0 0 0 0 0 0 0 0 0 0 4 
0 0 0 0 0 0 0 0 0 0 0 0 0 0 0 0 0 0 0 0 0 0 0 0 0 0 0 0 0 0 0 0 

0 |--> /home/amiryousefi/MasterThesis/Codes/NAS/NPB3.3-OMP-C/CG/cg.c::__kmpc_barrier line: 0:931::0
0 0 0 0 0 0 0 0 0 0 0 0 0 0 0 0 0 0 0 0 0 0 0 0 0 0 0 0 0 0 0 0 
0 0 0 0 0 0 0 0 0 0 0 0 0 0 0 0 0 0 0 0 0 0 0 0 0 0 0 0 0 0 0 0 
0 0 0 0 0 0 0 0 0 0 0 0 0 0 0 0 0 0 0 0 0 0 0 0 0 0 0 0 0 0 0 0 
0 0 0 0 0 0 0 0 0 0 0 0 0 0 0 0 0 0 0 0 0 0 0 0 0 0 0 0 0 0 0 0 
0 0 0 0 0 0 0 0 0 0 0 0 0 0 0 0 0 0 0 0 0 0 0 0 0 0 0 0 0 0 0 0 
0 0 0 0 0 0 0 0 0 0 0 0 0 0 0 0 0 0 0 0 0 0 0 0 0 0 0 0 0 0 0 0 
0 0 0 0 0 0 0 0 0 0 0 0 0 0 0 0 0 0 0 0 0 0 0 0 0 0 0 0 0 0 0 0 
0 0 0 0 0 0 0 0 0 0 0 0 0 0 0 0 0 0 0 0 0 0 0 0 0 0 0 0 0 0 0 0 
0 0 0 0 0 0 0 0 0 0 0 0 0 0 0 0 0 0 0 0 0 0 0 0 0 0 0 0 0 0 0 0 
0 0 0 0 0 0 0 0 0 0 0 0 0 0 0 0 0 0 0 0 0 0 0 0 0 0 0 0 0 0 0 0 
0 0 0 0 0 0 0 0 0 0 0 0 0 0 0 0 0 0 0 0 0 0 0 0 0 0 0 0 0 0 0 0 
0 0 0 0 0 0 0 0 0 0 0 0 0 0 0 0 0 0 0 0 0 0 0 0 0 0 0 0 0 0 0 0 
0 0 0 0 0 0 0 0 0 0 0 0 0 0 0 0 0 0 0 0 0 0 0 0 0 0 0 0 0 0 0 0 
0 0 0 0 0 0 0 0 0 0 0 0 0 0 0 0 0 0 0 0 0 0 0 0 0 0 0 0 0 0 0 0 
0 0 0 0 0 0 0 0 0 0 0 0 0 0 0 0 0 0 0 0 0 0 0 0 0 0 0 0 0 0 0 0 
0 0 0 0 0 0 0 0 0 0 0 0 0 0 0 0 0 0 0 0 0 0 0 0 0 0 0 0 0 0 0 0 
0 0 0 0 0 0 0 0 0 0 0 0 0 0 4 0 0 0 0 0 0 0 0 0 0 0 0 0 0 0 0 0 
0 0 0 0 0 0 0 0 0 0 0 0 0 0 0 0 0 0 0 0 0 0 0 0 0 0 0 0 0 0 0 0 
0 0 0 0 0 0 0 0 0 0 0 0 0 0 0 0 0 0 0 0 0 0 0 0 0 0 0 0 0 0 0 0 
0 0 0 0 0 0 0 0 0 0 0 0 0 0 0 0 0 0 0 0 0 0 0 0 0 0 0 0 0 0 0 0 
0 0 0 0 0 0 0 0 0 0 0 0 0 0 0 0 0 0 0 0 0 0 0 0 0 0 0 0 0 0 0 0 
0 0 0 0 0 0 0 0 0 0 0 0 0 0 0 0 0 0 0 0 0 0 0 0 0 0 0 0 0 0 0 0 
0 0 0 0 0 0 0 0 0 0 0 0 0 0 0 0 0 0 0 0 0 0 0 0 0 0 0 0 0 0 0 0 
0 4 0 0 0 0 0 0 0 0 0 0 0 0 0 0 0 0 0 0 0 0 0 0 0 0 0 0 0 0 0 0 
0 0 0 0 0 0 0 0 0 0 0 0 0 0 0 0 0 0 0 0 0 0 0 0 0 0 0 0 0 0 0 0 
0 0 0 0 0 0 0 0 0 0 0 0 0 0 0 0 0 0 0 0 0 0 0 0 0 0 0 0 0 0 0 0 
0 0 0 0 0 0 0 0 0 0 0 0 0 0 0 0 0 0 0 0 0 0 0 0 0 0 0 0 0 0 0 0 
0 0 0 0 0 0 0 0 0 0 0 0 0 0 0 0 0 0 0 0 0 0 0 0 0 0 0 0 0 0 0 0 
0 0 0 0 0 0 0 0 0 0 0 0 0 0 0 0 0 0 0 0 0 0 0 0 0 0 0 0 0 0 0 0 
0 0 0 0 0 0 0 0 0 0 0 0 0 0 0 0 0 0 0 0 0 0 0 0 0 0 0 0 0 0 0 0 
0 0 0 0 0 0 0 0 0 0 0 0 0 0 0 0 0 0 0 0 0 0 0 0 0 0 0 0 0 0 0 0 
0 0 0 0 0 0 0 0 0 0 0 0 0 0 0 0 0 0 0 0 0 0 0 0 0 0 0 0 0 0 0 0 

0 |--> /home/amiryousefi/MasterThesis/Codes/NAS/NPB3.3-OMP-C/CG/cg.c::__kmpc_barrier line: 0:948::0
0 0 0 0 0 0 0 0 0 0 0 0 0 0 0 0 0 0 0 0 0 0 0 0 0 0 0 0 0 0 0 0 
0 0 0 0 0 0 0 0 0 0 0 0 0 0 0 0 0 0 4 0 0 0 0 0 0 0 0 0 0 0 0 0 
0 0 0 0 0 0 0 0 0 0 0 0 0 0 0 0 0 0 0 0 0 0 0 0 0 0 0 0 0 0 0 0 
0 0 0 0 0 0 0 0 0 0 0 0 0 0 0 0 0 0 0 0 0 0 0 0 0 0 0 0 0 0 0 0 
0 0 0 0 0 0 0 0 0 0 0 0 0 0 0 0 0 0 0 0 0 0 0 0 0 0 0 0 0 0 0 0 
0 0 0 0 0 0 0 0 0 0 0 0 0 0 0 0 0 0 0 0 0 0 0 0 0 0 0 0 0 0 0 0 
0 0 0 0 0 0 0 0 0 0 0 0 0 0 0 0 0 0 0 0 0 0 0 0 0 0 0 0 0 0 0 0 
0 0 0 0 0 0 0 0 0 0 0 0 0 0 0 0 0 0 0 0 0 0 0 0 0 0 0 0 0 0 0 0 
0 0 0 0 0 0 0 0 0 0 0 0 0 0 0 0 0 0 0 0 0 0 0 0 0 0 0 0 0 0 0 0 
0 0 0 0 0 0 0 0 0 0 0 0 0 0 0 0 0 0 0 0 0 0 0 0 0 0 0 0 0 0 0 0 
0 0 0 0 0 0 0 0 0 0 0 0 0 0 0 0 0 0 0 0 0 0 0 0 0 0 0 0 0 0 0 0 
0 0 0 0 0 0 0 0 0 0 0 0 0 0 0 0 0 0 0 0 0 0 0 0 0 0 0 0 0 0 0 0 
0 0 0 0 0 0 0 0 0 0 0 0 0 0 0 0 0 0 0 0 0 4 0 0 0 0 0 0 0 0 0 0 
0 0 0 0 0 0 0 0 0 0 0 0 0 0 0 0 0 0 0 0 0 0 0 0 0 0 0 0 0 0 0 0 
0 0 0 0 0 0 0 0 0 0 0 0 0 0 0 0 0 0 0 0 0 0 0 0 0 0 0 0 0 0 0 0 
0 0 0 0 0 0 0 0 0 0 0 0 0 0 0 0 0 0 0 0 0 0 0 0 0 0 0 0 0 0 0 0 
0 0 0 0 0 0 0 0 0 0 0 0 0 0 0 0 0 0 0 0 0 0 0 0 0 0 0 0 0 0 0 0 
0 0 0 0 0 0 0 0 0 0 0 0 0 0 0 0 0 0 0 0 0 0 0 0 0 0 0 0 0 0 0 0 
0 0 0 0 0 0 0 0 0 0 0 0 0 0 0 0 0 0 0 0 0 0 0 0 0 0 0 0 0 0 0 0 
0 0 0 0 0 0 0 0 0 0 0 0 0 0 0 0 0 0 0 0 0 0 0 0 0 0 0 0 0 0 0 0 
0 0 0 0 0 0 0 0 0 0 0 0 0 0 0 0 0 0 0 0 0 0 0 0 0 0 0 0 0 0 0 0 
0 0 0 0 0 0 0 0 0 0 0 0 0 0 0 0 0 0 0 0 0 0 0 0 0 0 0 0 0 0 0 0 
0 0 0 0 0 0 0 0 0 0 0 0 0 0 0 0 0 0 0 0 0 0 0 0 0 0 0 0 0 0 0 0 
0 0 0 0 0 0 0 0 0 0 0 0 0 0 0 0 0 0 0 0 0 0 0 0 0 0 0 0 0 0 0 0 
0 0 0 0 0 0 0 0 0 0 0 0 0 0 0 0 0 0 0 0 0 0 0 0 0 0 0 0 0 0 0 0 
0 0 0 0 0 0 0 0 0 0 0 0 0 0 0 0 0 0 0 0 0 0 0 0 0 0 0 0 0 0 0 0 
0 0 0 0 0 0 0 0 0 0 0 0 0 0 0 0 0 0 0 0 0 0 0 0 0 0 0 0 0 0 0 0 
0 0 0 0 0 0 0 0 0 0 0 0 0 0 0 0 0 0 0 0 0 0 0 0 0 0 0 0 0 0 0 0 
0 0 0 0 0 0 0 0 0 0 0 0 0 0 0 0 0 0 0 0 0 0 0 0 0 0 0 0 0 0 0 0 
0 0 0 0 0 0 0 0 0 0 0 0 0 0 0 0 0 0 0 0 0 0 0 0 0 0 0 0 0 0 0 0 
0 0 0 0 0 0 0 0 0 0 0 0 0 0 0 0 0 0 0 0 0 0 0 0 0 0 0 0 0 0 0 0 
4 4 4 4 4 4 4 4 4 4 4 4 4 4 4 4 4 4 4 4 4 4 4 4 4 4 4 4 4 4 4 0 

0 |--> /home/amiryousefi/MasterThesis/Codes/NAS/NPB3.3-OMP-C/CG/cg.c::__kmpc_for_static_init_4 line: 0:247::0
0 0 0 0 0 0 0 0 0 0 0 0 0 0 0 0 0 0 0 0 0 0 0 0 0 0 0 0 0 0 0 0 
8 0 8 8 4 4 0 0 4 0 0 8 4 8 8 4 16 0 8 4 4 0 20 12 0 8 4 4 8 16 0 0 
24 0 0 12 0 4 20 4 4 4 12 8 12 0 4 12 8 4 4 8 0 8 12 8 12 0 4 8 20 16 0 0 
8 4 12 0 12 0 16 0 8 8 12 0 12 12 12 4 0 0 12 0 0 16 12 8 12 8 12 4 0 4 4 0 
0 8 4 4 0 12 4 0 8 12 4 8 8 0 0 12 8 4 8 12 12 0 8 12 8 4 0 0 8 8 8 0 
4 4 0 4 8 0 12 8 8 8 12 0 0 4 12 0 16 4 0 12 0 12 16 8 0 0 16 8 4 8 4 4 
4 0 8 20 4 0 0 8 0 0 8 0 0 0 8 0 0 0 8 0 0 8 4 4 4 4 0 8 8 0 4 0 
8 4 8 0 0 4 0 0 8 4 8 12 4 4 12 8 4 0 12 8 0 8 8 8 12 8 12 4 4 4 0 8 
4 8 4 4 12 8 0 4 0 8 8 12 0 4 4 4 4 4 12 4 0 4 0 4 8 4 4 4 0 4 0 4 
0 0 8 8 16 4 0 8 8 0 8 0 12 8 0 0 0 0 0 8 4 4 12 12 12 8 8 8 8 4 4 12 
8 0 8 8 8 8 8 8 12 4 0 16 4 0 4 0 8 12 12 8 0 4 4 8 12 8 4 0 8 12 4 8 
8 8 4 0 8 0 4 12 4 0 12 0 8 0 4 4 12 20 4 16 16 16 0 8 8 4 4 8 4 4 4 0 
12 8 8 8 8 0 8 12 8 4 4 4 0 8 12 4 8 4 0 12 4 0 0 8 4 8 8 0 0 12 4 4 
4 4 0 16 4 8 8 4 4 4 0 0 12 0 4 4 12 12 12 8 12 8 4 8 8 12 4 4 4 8 0 4 
8 12 4 12 0 16 8 8 4 0 12 4 16 0 0 8 4 0 0 0 0 8 16 8 8 0 0 0 8 0 0 8 
8 0 8 16 16 0 0 4 16 0 4 0 12 4 8 0 16 12 12 8 8 8 4 12 12 8 4 0 20 20 4 8 
8 8 4 0 4 8 0 8 0 0 8 12 8 8 4 4 0 8 0 24 8 0 0 4 20 4 8 4 8 4 4 8 
12 0 8 8 4 4 8 4 12 4 4 20 8 4 0 12 12 0 20 12 0 4 4 0 4 0 4 12 4 4 8 8 
4 4 4 12 16 8 8 16 12 0 4 8 4 4 0 8 0 0 0 16 12 8 4 0 12 0 12 4 4 4 20 12 
16 0 0 0 20 4 0 8 8 4 4 8 4 4 4 0 12 0 12 0 20 0 4 8 0 8 4 0 8 0 0 0 
4 0 0 4 16 0 4 16 0 4 4 8 8 0 0 0 0 4 4 8 0 4 4 8 0 12 4 0 0 0 0 4 
12 0 0 12 4 12 8 4 0 0 0 8 0 12 0 12 0 0 8 0 0 0 4 8 4 0 4 8 8 0 0 8 
8 12 20 4 16 12 12 16 4 4 0 0 8 0 12 4 0 4 8 12 0 20 0 8 12 12 12 12 4 4 4 16 
0 16 4 8 4 8 8 4 8 8 8 12 8 8 4 12 0 0 0 0 0 4 4 0 8 20 8 4 8 4 16 4 
8 0 0 12 8 4 4 8 0 8 4 4 220 4 0 4 8 4 4 0 0 4 8 8 0 4 4 0 0 4 12 0 
12 4 0 0 4 4 4 4 8 12 4 8 8 4 0 4 4 0 8 0 8 4 4 12 0 0 4 0 0 4 0 0 
12 12 4 8 8 16 0 12 4 8 4 8 0 4 4 4 12 0 16 0 8 4 16 8 8 0 0 16 0 8 4 4 
8 0 12 4 0 8 8 0 0 4 0 0 4 8 0 0 4 8 4 4 0 12 20 8 4 8 16 0 16 12 0 0 
0 8 12 0 4 4 8 12 4 8 0 12 0 4 0 4 8 0 0 4 4 12 4 12 0 0 0 8 0 4 4 4 
0 16 12 8 4 8 12 8 0 8 12 8 12 4 0 8 4 8 4 4 0 4 8 4 8 0 12 0 0 0 20 8 
0 12 0 8 8 12 4 0 0 4 4 8 8 0 4 8 16 0 20 0 4 4 4 28 12 0 0 4 8 12 0 8 
4 8 4 4 4 8 4 4 4 20 8 4 4 8 4 4 12 4 8 4 4 8 8 8 8 0 16 8 4 8 4 0 

0 |--> /home/amiryousefi/MasterThesis/Codes/NAS/NPB3.3-OMP-C/CG/cg.c::__kmpc_for_static_init_4 line: 0:473::0
0 0 0 0 0 0 0 0 0 0 0 0 0 0 0 0 0 0 0 0 0 0 0 0 0 0 0 0 0 0 0 0 
0 0 0 0 0 0 0 0 0 0 0 0 0 0 0 0 0 0 0 0 0 0 0 0 0 0 0 0 0 0 0 0 
0 0 0 0 0 0 0 0 0 0 0 0 0 0 0 0 0 0 0 0 0 0 0 0 0 0 0 0 0 0 0 0 
0 0 0 0 0 0 0 0 0 0 0 0 0 0 0 0 0 0 0 0 0 0 0 0 0 0 0 0 0 0 0 0 
0 0 0 0 0 0 0 0 0 0 0 0 0 0 0 0 0 0 0 0 0 0 0 0 0 0 0 0 0 0 0 0 
0 0 0 0 0 0 0 0 0 0 0 0 0 0 0 0 0 0 0 0 0 0 0 0 0 0 0 0 0 0 0 0 
0 0 0 0 0 0 0 0 0 0 0 0 0 0 0 0 0 0 0 0 0 0 0 0 0 0 0 0 0 0 0 0 
0 0 0 0 0 0 0 0 0 0 0 0 0 0 0 0 0 0 0 0 0 0 0 0 0 0 0 0 0 0 0 0 
0 0 0 0 0 0 0 0 0 0 0 0 0 0 0 0 0 0 0 0 0 0 0 0 0 0 0 0 0 0 0 0 
0 0 0 0 0 0 0 0 0 0 0 0 0 0 0 0 0 0 0 0 0 0 0 0 0 0 0 0 0 0 0 0 
0 0 0 0 0 0 0 0 0 0 0 0 0 0 0 0 0 0 0 0 0 0 0 0 0 0 0 0 0 0 0 0 
0 0 0 0 0 0 0 0 0 0 0 0 0 0 0 0 0 0 0 0 0 0 0 0 0 0 0 0 0 0 0 0 
0 0 0 0 0 0 0 0 0 0 0 0 0 0 0 0 0 0 0 0 0 0 0 0 0 0 0 0 0 0 0 0 
0 0 0 0 0 0 0 0 0 0 0 0 0 0 0 0 0 0 0 0 0 0 0 0 0 0 0 0 0 0 0 0 
0 0 0 0 0 0 0 0 0 0 0 0 0 0 0 0 0 0 0 0 0 0 0 0 0 0 0 0 0 0 0 0 
0 0 0 0 0 0 0 0 0 0 0 0 0 0 0 0 0 0 0 0 0 0 0 0 0 0 0 0 0 0 0 0 
0 0 0 0 0 0 0 0 0 0 0 0 0 0 0 0 0 0 0 0 0 0 0 0 0 0 0 0 0 0 0 0 
0 0 0 0 0 0 0 0 0 0 0 0 0 0 0 0 0 0 0 0 0 0 0 0 0 0 0 0 0 0 0 0 
0 0 0 0 0 0 0 0 0 0 0 0 0 0 0 0 0 0 0 0 0 0 0 0 0 0 0 0 0 0 0 0 
0 0 0 0 0 0 0 0 0 0 0 0 0 0 0 0 0 0 0 0 0 0 0 0 0 0 0 0 0 0 0 0 
0 0 0 0 0 0 0 0 0 0 0 0 0 0 0 0 0 0 0 0 0 0 0 0 0 0 0 0 0 0 0 0 
0 0 0 0 0 0 0 0 0 0 0 0 0 0 0 0 0 0 0 0 0 0 0 0 0 0 0 0 0 0 0 0 
0 0 0 0 0 0 0 0 0 0 0 0 0 0 0 0 0 0 0 0 0 0 0 0 0 0 0 0 0 0 0 0 
0 0 0 0 0 0 0 0 0 0 0 0 0 0 0 0 0 0 0 0 0 0 0 0 0 0 0 0 0 0 0 0 
0 0 0 0 0 0 0 0 0 0 0 0 0 0 0 0 0 0 0 0 0 0 0 0 0 0 0 0 0 0 0 0 
0 0 0 0 0 0 0 0 0 0 0 0 0 0 0 0 0 0 0 0 0 0 0 0 112 0 0 0 0 0 0 0 
0 0 0 0 0 0 0 0 0 0 0 0 0 0 0 0 0 0 0 0 0 0 0 0 0 112 0 0 0 0 0 0 
0 0 0 0 0 0 0 0 0 0 0 0 0 0 0 0 0 0 0 0 0 0 0 0 0 0 112 0 0 0 0 0 
0 0 0 0 0 0 0 0 0 0 0 0 0 0 0 0 0 0 0 0 0 0 0 0 0 0 0 112 0 0 0 0 
0 0 0 0 0 0 0 0 0 0 0 0 0 0 0 0 0 0 0 0 0 0 0 0 0 0 0 0 112 0 0 0 
0 0 0 0 0 0 0 0 0 0 0 0 0 0 0 0 0 0 0 0 0 0 0 0 0 0 0 0 0 112 0 0 
0 0 0 0 0 0 0 0 0 0 0 0 0 0 0 0 0 0 0 0 0 0 0 0 0 0 0 0 0 0 112 0 

0 |--> /home/amiryousefi/MasterThesis/Codes/NAS/NPB3.3-OMP-C/CG/cg.c::__kmpc_for_static_init_4 line: 0:486::0
0 0 0 0 0 0 0 0 0 0 0 0 0 0 0 0 0 0 0 0 0 0 0 0 0 0 0 0 0 0 0 0 
0 0 0 0 0 0 0 0 0 0 0 0 0 0 0 0 0 0 0 0 0 0 0 0 0 0 0 0 0 0 0 0 
0 0 0 0 0 0 0 0 0 0 0 0 0 0 0 0 0 0 0 0 0 0 0 0 0 0 0 0 0 0 0 0 
0 0 0 0 0 0 0 0 0 0 0 0 0 0 0 0 0 0 0 0 0 0 0 0 0 0 0 0 0 0 0 0 
0 0 0 0 0 0 0 0 0 0 0 0 0 0 0 0 0 0 0 0 0 0 0 0 0 0 0 0 0 0 0 0 
0 0 0 0 0 0 0 0 0 0 0 0 0 0 0 0 0 0 0 0 0 0 0 0 0 0 0 0 0 0 0 0 
0 0 0 0 0 0 0 0 0 0 0 0 0 0 0 0 0 0 0 0 0 0 0 0 0 0 0 0 0 0 0 0 
0 0 0 0 0 0 0 0 0 0 0 0 0 0 0 0 0 0 0 0 0 0 0 0 0 0 0 0 0 0 0 0 
0 0 0 0 0 0 0 0 0 0 0 0 0 0 0 0 0 0 0 0 0 0 0 0 0 0 0 0 0 0 0 0 
0 0 0 0 0 0 0 0 0 0 0 0 0 0 0 0 0 0 0 0 0 0 0 0 0 0 0 0 0 0 0 0 
0 0 0 0 0 0 0 0 0 0 0 0 0 0 0 0 0 0 0 0 0 0 0 0 0 0 0 0 0 0 0 0 
0 0 0 0 0 0 0 0 0 0 0 0 0 0 0 0 0 0 0 0 0 0 0 0 0 0 0 0 0 0 0 0 
0 0 0 0 0 0 0 0 0 0 0 0 0 0 0 0 0 0 0 0 0 0 0 0 0 0 0 0 0 0 0 0 
0 0 0 0 0 0 0 0 0 0 0 0 0 0 0 0 0 0 0 0 0 0 0 0 0 0 0 0 0 0 0 0 
0 0 0 0 0 0 0 0 0 0 0 0 0 0 0 0 0 0 0 0 0 0 0 0 0 0 0 0 0 0 0 0 
0 0 0 0 0 0 0 0 0 0 0 0 0 0 0 0 0 0 0 0 0 0 0 0 0 0 0 0 0 0 0 0 
0 0 0 0 0 0 0 0 0 0 0 0 0 0 0 0 0 0 0 0 0 0 0 0 0 0 0 0 0 0 0 0 
0 0 0 0 0 0 0 0 0 0 0 0 0 0 0 0 0 0 0 0 0 0 0 0 0 0 0 0 0 0 0 0 
0 0 0 0 0 0 0 0 0 0 0 0 0 0 0 0 0 0 0 0 0 0 0 0 0 0 0 0 0 0 0 0 
0 0 0 0 0 0 0 0 0 0 0 0 0 0 0 0 0 0 0 0 0 0 0 0 0 0 0 0 0 0 0 0 
0 0 0 0 0 0 0 0 0 0 0 0 0 0 0 0 0 0 0 0 0 0 0 0 0 0 0 0 0 0 0 0 
0 0 0 0 0 0 0 0 0 0 0 0 0 0 0 0 0 0 0 0 0 0 0 0 0 0 0 0 0 0 0 0 
0 0 0 0 0 0 0 0 0 0 0 0 0 0 0 0 0 0 0 0 0 0 0 0 0 0 0 0 0 0 0 0 
0 0 0 0 0 0 0 0 0 0 0 0 0 0 0 0 0 0 0 0 0 0 0 0 0 0 0 0 0 0 0 0 
0 0 0 0 0 0 0 0 0 0 0 0 0 0 0 0 0 0 0 0 0 0 0 0 0 128 0 0 0 0 0 0 
0 0 0 0 0 0 0 0 0 0 0 0 0 0 0 0 0 0 0 0 0 0 0 0 0 0 128 0 0 0 0 0 
0 0 0 0 0 0 0 0 0 0 0 0 0 0 0 0 0 0 0 0 0 0 0 0 0 0 0 128 0 0 0 0 
0 0 0 0 0 0 0 0 0 0 0 0 0 0 0 0 0 0 0 0 0 0 0 0 0 0 0 0 128 0 0 0 
0 0 0 0 0 0 0 0 0 0 0 0 0 0 0 0 0 0 0 0 0 0 0 0 0 0 0 0 0 128 0 0 
0 0 0 0 0 0 0 0 0 0 0 0 0 0 0 0 0 0 0 0 0 0 0 0 0 0 0 0 0 0 128 0 
0 0 0 0 0 0 0 0 0 0 0 0 0 0 0 0 0 0 0 0 128 0 0 0 0 0 0 0 0 0 0 128 
0 0 0 0 0 0 0 0 0 0 0 0 0 0 0 0 0 0 0 0 0 0 0 0 0 0 0 0 0 0 0 0 

0 |--> /home/amiryousefi/MasterThesis/Codes/NAS/NPB3.3-OMP-C/CG/cg.c::__kmpc_for_static_init_4 line: 0:520::0
0 0 0 0 0 0 0 0 0 0 0 0 0 0 0 0 0 0 0 0 0 0 0 0 0 0 0 0 0 0 0 0 
108820 0 118400 121608 112008 102408 99200 128020 124820 121608 124808 115204 112028 105616 115280 121608 102408 108816 118408 112000 113600 124808 121620 102436 124800 124804 124880 115200 112024 113628 108820 123216 
124804 112080 0 108940 105624 108816 112020 118412 118404 121616 121612 112088 112016 96008 105620 118432 121612 83212 105620 115240 96136 121608 121648 119956 112016 99208 115216 118476 115204 115212 115200 105608 
115216 118412 115204 0 100808 128016 108844 115208 115356 118424 115340 115216 108812 118436 124808 112024 115208 115216 115216 115208 102416 115208 115208 102412 124816 102408 112004 128008 112016 115220 110408 112016 
115216 112008 121616 108812 0 112036 92804 112024 121640 118412 112024 108820 102408 115208 108808 112024 107252 108816 115220 124832 100824 108828 118416 105608 112032 112008 112224 112008 115208 115220 113604 105608 
112016 108948 118536 115200 110416 0 124800 115208 118428 124804 115264 102408 112008 108816 99228 121616 118404 108808 112024 115228 115216 121616 108832 108824 131224 102416 105620 99336 104004 96012 118416 115228 
128012 99200 118432 115216 105608 121748 0 124816 121608 115208 108812 112008 108820 128016 112012 112008 108800 108820 99220 115208 118408 104004 115224 108804 108816 115200 121616 96012 115216 121624 112004 115224 
108820 115200 96000 118408 121624 105760 126544 0 128004 121620 112004 108820 118420 118420 112028 115212 112020 115228 124832 118432 105640 124812 121632 121608 118424 118416 121632 121600 115220 112024 115200 115204 
112028 115200 118480 115216 121624 128008 115464 137616 0 112028 105624 112012 105616 121616 115208 115224 116808 107172 124808 108828 108936 121488 118416 124836 121608 102560 115348 112008 105608 102416 121608 99212 
108808 99200 105608 121608 118424 105604 105608 126412 112012 0 128016 110432 108836 102412 105600 115208 102408 113680 121664 115204 121608 115240 118408 96032 128028 108884 115216 108808 102412 108820 102520 118556 
112032 112016 128080 105624 107148 124824 108816 124820 112016 102536 0 128012 89628 128008 121616 115208 102416 108808 112004 108816 112024 115200 116824 105616 105624 102408 115264 118424 102400 108812 102416 100748 
124820 124804 116808 124816 112016 110400 104000 126412 108832 108808 112012 0 102420 96016 124808 124816 128008 108808 108816 124812 128024 112024 86408 118432 115208 107208 112016 121600 105628 99220 121604 124808 
124824 124812 105608 115212 115216 105600 99216 115208 110432 110424 102408 112000 0 105640 112008 105624 116804 107208 108808 118444 115220 112136 108832 108832 89608 99216 112000 108804 110400 112140 108816 105600 
108812 121628 102408 124812 108872 112016 118408 121600 118420 102400 121608 105600 102408 0 96144 118408 112032 115240 108812 115220 121680 112016 105608 118456 118404 128004 112012 118476 108820 112020 121624 108812 
115216 115340 112000 115284 108808 121608 99224 118416 115204 99200 112128 115220 102408 92800 0 112028 115232 102400 120024 115216 112000 123216 112072 99212 112008 99208 115216 118400 99208 105608 105624 108812 
118440 128152 115216 118424 134412 124800 96024 115280 118416 105608 121616 121616 112020 118428 118408 0 112020 121620 108804 118408 112000 115224 119992 121604 115200 115276 112000 107208 124812 108804 108816 118424 
115220 134420 112008 105600 118536 112036 124808 108808 118416 121600 108800 121620 108828 118416 121612 108832 0 118536 118416 108844 128000 115200 108800 116800 128032 118404 100816 112016 112004 112012 121632 124808 
115204 108800 105624 102416 112008 105620 105608 108800 108824 108808 89628 112012 99212 105620 102424 105608 115204 0 128000 118400 115232 124824 118412 99200 102416 99292 115336 102412 108816 108816 105616 120008 
119952 112020 118424 115220 124808 128016 102416 131080 120024 121608 112016 120076 115208 108816 119936 121616 105616 99232 0 112020 124808 118436 131220 118400 115236 115248 112036 112008 115200 105600 115224 112008 
131204 105608 115336 115200 112020 118416 115208 118416 108808 120008 108808 124824 124816 99204 115208 118412 121620 115224 105600 0 115212 115224 121620 118400 118424 121600 118400 118408 105600 115204 102408 102408 
108816 112016 102408 108808 112004 99208 115208 121600 115208 128020 115208 112016 108800 112028 107208 118424 128024 115200 115228 115236 0 112008 118408 103936 115200 105616 118412 105600 97604 108800 105608 108804 
96024 121616 118420 105636 121608 112004 108812 108808 118432 112008 99216 124832 118408 121600 105612 124808 118528 118404 116812 104000 115224 0 112064 105620 92816 115224 118404 110420 105612 115208 112008 118412 
121640 112104 112016 124820 118440 121628 112016 118444 115200 115100 108832 92816 121608 99208 121624 115208 99216 124808 112000 121612 128040 105632 0 112136 118456 123204 115216 115220 112016 118428 112000 108828 
105616 105616 105608 99232 105620 121632 121624 112028 128008 112024 134288 115200 108824 112000 112024 108824 115216 99200 124800 121624 105616 108832 108812 0 121624 108828 118404 115208 121604 112032 112020 112016 
109084 121600 121616 121748 108948 112000 115360 96144 108964 121608 121744 123340 102468 112036 121752 115340 115384 115204 108952 105752 118536 104136 124960 108944 0 115360 112148 115332 108928 115372 124948 118536 
115208 108808 110544 112144 113608 102528 108812 121632 102416 112140 96148 112004 108944 121748 99208 118420 112008 121728 108800 108824 108936 105616 115216 115236 102408 0 118416 105616 123208 118456 107200 96144 
121628 112012 118424 118300 118408 112020 115216 118448 115200 112024 123212 111884 108840 116816 108808 118292 118288 108812 115216 111888 115084 118408 105556 115076 108832 102416 0 118408 131072 112024 121608 112028 
115216 108944 121600 118556 105616 100812 97616 121608 112016 102420 118400 112144 115208 118412 95904 118536 115360 105608 124804 102544 105744 118404 112152 96016 102528 108808 124816 0 118544 100800 108816 112024 
115208 115084 118440 118408 115112 124800 111940 121492 108808 102412 121488 118416 92680 108816 115224 118576 104012 103888 100824 110412 99200 115208 118404 105752 115208 115216 128136 108704 0 112000 102556 112024 
105632 115344 121620 121608 120028 115208 124936 124816 102448 99216 105892 118408 92944 112016 108928 115236 121632 112260 108812 92832 96016 112000 115200 118408 115208 105624 115344 96160 124808 0 115216 118416 
107016 99216 118424 108808 112156 112004 118424 124696 118408 92992 118468 121612 108696 108800 105480 115220 112004 86416 115088 105608 89480 102400 110356 92712 112048 96016 112008 115200 112020 115212 0 115220 
108812 127872 121472 111880 103872 97480 95888 112016 99088 105500 105632 118272 118492 95880 102480 118288 108696 111884 99220 89488 108688 108684 124712 105620 111872 99080 115084 118280 108684 111896 115072 0 

0 |--> /home/amiryousefi/MasterThesis/Codes/NAS/NPB3.3-OMP-C/CG/cg.c::__kmpc_for_static_init_4 line: 0:585::0
0 0 0 0 0 0 0 0 0 0 0 0 0 0 0 0 0 0 0 0 0 0 0 0 0 0 0 0 0 0 0 0 
0 0 0 0 0 0 0 0 0 0 0 0 0 0 0 0 0 0 0 0 0 0 0 0 0 0 3200 0 0 0 0 0 
0 0 0 0 0 0 0 0 0 0 0 0 0 0 0 0 0 0 0 0 0 0 0 0 0 0 0 0 0 0 0 0 
0 0 0 0 0 0 0 0 0 0 0 0 0 0 0 0 0 0 0 0 0 0 0 0 0 0 0 0 0 0 0 0 
0 0 0 0 0 0 0 0 0 0 0 0 0 0 0 0 0 0 0 0 0 0 0 0 0 0 0 0 0 0 0 0 
0 0 0 0 0 0 0 0 0 0 0 0 0 0 0 0 0 0 0 0 0 0 0 0 0 0 0 0 0 0 0 0 
0 0 0 0 0 0 0 0 0 0 0 0 0 0 0 0 0 0 0 0 0 0 0 0 0 0 0 0 0 0 0 0 
0 0 0 0 0 0 0 0 0 0 0 0 0 0 0 0 0 0 0 0 0 0 0 0 0 0 0 0 0 0 0 0 
0 0 0 0 0 0 0 0 0 0 0 0 0 0 0 0 0 0 0 0 0 0 0 0 0 0 0 0 0 0 0 0 
0 0 0 0 0 0 0 0 0 0 0 0 0 0 0 0 0 0 0 0 0 0 0 0 0 0 0 0 0 0 0 0 
0 0 0 0 0 0 0 0 0 0 0 0 0 0 0 0 0 0 0 0 0 0 0 0 0 0 0 0 0 0 0 0 
0 0 0 0 0 0 0 0 0 0 0 0 0 0 0 0 0 0 0 0 0 0 0 0 0 0 0 0 0 0 0 0 
0 0 0 0 0 0 0 0 0 0 0 0 0 0 0 0 0 0 0 0 0 0 0 0 0 0 0 0 0 0 0 0 
0 0 0 3072 0 0 0 0 0 0 0 0 0 0 0 0 0 0 0 0 0 0 0 0 0 0 0 0 0 0 0 0 
0 0 0 0 0 0 0 0 0 0 0 0 0 0 0 0 0 0 0 0 0 0 0 0 0 0 0 0 0 0 0 0 
0 0 0 0 0 0 0 0 0 0 0 0 0 0 0 0 0 0 0 0 0 0 0 0 0 0 0 0 0 0 0 0 
0 0 0 0 0 0 0 0 0 0 0 0 0 0 0 0 0 0 0 0 0 0 0 0 0 0 0 0 0 0 0 0 
0 0 0 0 0 0 0 0 0 0 0 0 0 0 0 0 0 0 0 0 0 0 0 0 0 0 0 0 0 0 0 0 
0 0 0 0 0 0 0 0 0 0 0 0 0 0 0 0 0 0 0 0 0 0 0 0 0 0 0 0 0 0 0 0 
0 0 0 0 0 0 0 0 0 0 0 0 0 0 0 0 0 0 0 0 0 0 0 0 0 0 0 0 0 0 0 0 
0 0 0 0 0 0 0 0 0 0 0 0 0 0 0 0 0 0 0 0 0 0 0 0 0 0 0 0 0 0 3200 0 
0 0 0 0 0 0 0 0 0 0 0 0 0 0 0 0 0 0 0 0 0 0 0 0 0 0 0 0 0 0 0 0 
0 0 0 0 0 0 0 0 0 0 0 0 0 0 0 0 0 0 0 0 0 0 0 0 0 0 0 0 0 0 0 0 
0 0 0 0 0 0 0 0 0 0 0 0 0 0 0 0 0 0 0 0 0 0 0 0 0 0 0 0 0 0 0 0 
0 0 0 0 0 0 0 0 0 0 0 0 0 0 0 0 0 0 0 0 0 0 0 0 0 128 0 0 0 0 0 0 
0 0 0 0 0 0 0 0 0 0 0 0 0 0 0 0 0 0 0 0 0 0 0 0 0 0 128 0 0 0 0 0 
0 0 0 0 0 0 0 0 0 0 0 0 0 0 0 0 0 0 0 0 0 0 0 0 0 0 0 128 0 0 0 0 
0 0 0 0 0 0 0 0 0 0 0 0 0 0 0 0 0 0 0 0 0 0 0 0 0 0 0 0 128 0 0 0 
0 0 0 0 0 0 0 0 0 0 0 0 0 0 0 0 0 0 0 0 0 0 0 0 0 0 0 0 0 128 0 0 
0 0 0 0 0 0 0 0 0 0 0 0 0 0 0 0 0 0 0 0 0 0 0 0 0 0 0 0 0 0 128 0 
0 0 0 0 0 0 0 0 0 0 0 0 0 0 0 0 0 0 0 0 0 0 0 0 0 0 0 0 0 0 0 128 
0 0 0 0 0 0 0 0 0 0 0 0 0 0 0 0 0 0 0 0 0 0 0 0 0 0 0 0 0 0 0 0 

0 |--> /home/amiryousefi/MasterThesis/Codes/NAS/NPB3.3-OMP-C/CG/cg.c::__kmpc_for_static_init_4 line: 0:616::0
0 0 0 0 0 0 0 0 0 0 0 0 0 0 0 0 0 0 0 0 0 0 0 0 0 0 0 0 0 0 0 0 
4352 0 4736 4864 4480 4096 3968 5120 4864 4864 4992 4608 4480 4224 4608 4864 4096 4352 4736 4480 4672 4992 4864 4096 4992 4992 4992 4608 4480 4544 4352 4864 
5120 4480 0 4352 4224 4352 4480 4736 4736 4864 4864 4480 4480 3840 4224 4736 4864 3328 4224 4608 3840 4992 4736 4800 4480 3968 4608 4736 4608 4608 4608 4224 
4480 4608 4480 0 3904 4992 4224 4480 4480 4608 4480 4480 4224 4608 4864 4352 4480 4480 4480 4480 4096 4480 4480 3968 4864 3968 4352 4992 4352 4480 4416 4352 
4608 4480 4864 4352 0 4480 3712 4480 4864 4736 4480 4352 4096 4608 4352 4480 4416 4352 4608 4992 3968 4352 4736 4224 4480 4480 4480 4480 4608 4608 4416 4224 
4480 4352 4736 4608 4416 0 4992 4608 4736 4992 4608 4096 4480 4352 3968 4864 4736 4352 4480 4608 4608 4864 4352 4352 5248 4096 4224 3968 4160 3840 4736 4608 
5120 3968 4736 4608 4224 4864 0 4992 4864 4608 4352 4480 4480 5120 4480 4480 4352 4352 3968 4608 4736 4032 4608 4352 4352 4736 4864 3840 4608 4864 4480 4480 
4352 4608 3840 4736 4864 4288 4928 0 5120 4736 4480 4352 4736 4736 4480 4608 4480 4608 4992 4736 4224 4992 4864 4864 4736 4736 4864 4864 4736 4480 4608 4608 
4480 4608 4736 4608 4864 5120 4608 5376 0 4480 4224 4480 4224 4864 4608 4608 4736 4288 4992 4352 4352 4864 4736 4992 4864 4096 4608 4480 4224 4096 4864 3968 
4352 3976 4224 4864 4736 4224 4224 5056 4480 0 4992 4416 4480 4096 4224 4608 4096 4480 4864 4608 4864 4608 4736 3840 5120 4352 4608 4352 4096 4352 4096 4736 
4480 4480 5184 4352 4288 4992 4352 4992 4608 4096 0 5120 3584 4992 4864 4608 4096 4352 4480 4352 4480 4608 4608 4224 4224 4096 4608 4736 4096 4352 4096 4032 
4992 4992 4672 4992 4480 4416 4224 4992 4352 4352 4480 0 4096 3840 4992 4992 5120 4352 4480 4992 5120 4480 3456 4736 4608 4160 4480 4864 4224 3968 4864 4992 
4992 4992 4224 4608 4608 4224 3968 4608 4416 4416 4096 4480 0 4224 4480 4224 4672 4288 4352 4736 4480 4480 4352 4352 3584 3968 4480 4352 4416 4352 4352 4224 
4480 4992 4224 5120 4480 4608 4864 4992 4864 4224 4992 4352 4224 0 3968 4864 4608 4736 4480 4736 4864 4608 4352 4864 4864 5248 4608 4864 4480 4608 4864 4480 
4608 4608 4480 4608 4352 4864 3968 4736 4608 3968 4480 4608 4096 3712 0 4480 4608 4096 4672 4608 4480 4928 4480 3968 4608 3968 4608 4736 3968 4224 4224 4352 
4736 5120 4608 4736 5376 4992 3840 4608 4736 4224 4992 4864 4480 4736 4736 0 4480 4864 4224 4736 4480 4608 4736 4864 4608 4608 4480 4224 4992 4480 4352 4736 
4608 5376 4488 4224 4736 4480 4992 4416 4736 4864 4352 4864 4352 4736 4864 4352 0 4736 4736 4352 5120 4608 4352 4736 5120 4736 4032 4480 4480 4480 4864 4992 
4608 4352 4224 4096 4480 4224 4224 4352 4352 4352 3584 4480 3968 4224 4096 4352 4608 0 4992 4736 4608 4992 4736 3968 4096 3968 4608 4096 4352 4352 4288 4800 
4800 4480 4736 4608 5056 5120 4096 5248 4800 4864 4480 4736 4608 4352 4800 4864 4224 3968 0 4480 4992 4736 5248 4736 4608 4608 4480 4480 4608 4224 4608 4480 
5376 4224 4608 4608 4480 4736 4608 4736 4360 4736 4352 4992 4992 3968 4608 4736 4864 4608 4224 0 4608 4608 4864 4736 4736 4864 4736 4736 4224 4736 3968 4096 
4352 4480 4096 4352 4480 3968 4608 4864 4608 4992 4608 4480 4352 4480 4224 4736 5120 4608 4608 4608 0 4480 4736 4160 4608 4096 4736 4224 3904 4224 4224 4352 
3840 4864 4736 4224 4864 4480 4352 4352 4736 4480 3968 4864 4736 4992 4224 4992 4736 4736 4672 4096 4608 0 4480 4224 3712 4608 4736 4352 4224 4608 4480 4736 
4864 4480 4480 4992 4736 4864 4480 4736 4736 4608 4352 3712 4864 3968 4736 4608 3968 4992 4480 4864 5120 4224 0 4480 4736 4928 4608 4608 4480 4736 4480 4352 
4224 4224 4224 3968 4224 4864 4864 4608 5120 4480 5376 4608 4352 4480 4480 4352 4608 3968 4992 4864 4224 4352 4352 0 4864 4352 4736 4608 4864 4480 4480 4480 
4352 4864 4864 4864 4416 4480 4608 3840 4352 4864 4864 4928 4096 4480 4864 4608 4608 4616 4352 4224 4736 4160 4992 4352 0 4608 4480 4608 4352 4608 4992 4736 
4608 4352 4352 4480 4480 4096 4352 4864 4096 4352 3840 4480 4352 4736 3968 4736 4480 4864 4352 4352 4352 4224 4608 4608 4096 0 4736 4224 4928 4736 4288 3840 
4864 4480 4736 4736 4736 4544 4608 4736 4608 4480 4928 4480 4416 4672 4352 4608 4744 4352 4608 4480 4608 4736 4224 4608 4416 4096 0 4736 5248 4480 4992 4480 
4608 4352 4864 4736 4224 3904 3904 4864 4480 4096 4736 4480 4608 4736 3840 4736 4608 4224 4992 4096 4224 4736 4480 3840 4096 4352 5120 0 4736 4032 4352 4480 
4608 4608 4736 4736 4608 4992 4480 4864 4352 4096 4864 4736 3712 4352 4608 4736 4160 4096 4032 4416 3968 4608 4736 4224 4480 4608 5120 4352 0 4480 4096 4480 
4224 4608 4864 4864 4800 4608 4992 4992 4096 3968 4224 4736 3712 4480 4352 4608 4864 4480 4352 3712 3840 4480 4608 4736 4608 4224 4608 3840 5120 0 4608 4736 
4288 3968 4736 4352 4480 4480 4736 4992 4736 3712 4736 4928 4352 4352 4224 4608 4480 3456 4608 4224 3584 4096 4416 3712 4480 3840 4480 4608 4480 4608 0 4608 
4352 5120 4864 4480 4032 3776 3968 4480 3968 4224 4224 4736 4736 3840 4096 4736 4352 4480 3968 3584 4352 4352 4992 4224 4480 3968 4608 4736 4352 4480 4608 0 

0 |--> /home/amiryousefi/MasterThesis/Codes/NAS/NPB3.3-OMP-C/CG/cg.c::__kmpc_for_static_init_4 line: 0:629::0
0 0 0 0 0 0 0 0 0 0 0 0 0 0 0 0 0 0 0 0 0 0 0 0 0 0 0 0 0 0 0 0 
0 0 0 0 0 0 0 0 0 0 0 0 0 0 0 0 0 0 0 0 0 0 0 0 0 0 0 0 0 0 0 0 
0 0 0 0 0 0 0 0 0 0 0 0 0 0 0 0 0 0 0 0 0 0 0 0 0 0 0 0 0 0 0 0 
0 0 0 0 0 0 0 0 0 0 0 0 0 0 0 0 0 0 0 0 0 0 0 0 0 0 0 0 0 0 0 0 
0 0 0 0 0 0 0 0 0 0 0 0 0 0 0 0 0 0 0 0 0 0 0 0 0 0 0 0 0 0 0 0 
0 0 0 0 0 0 0 0 0 0 0 0 0 0 0 0 0 0 0 0 0 0 0 0 0 0 0 0 0 0 0 0 
0 0 0 0 0 0 0 0 0 0 0 0 0 0 0 0 0 0 0 0 0 0 0 0 0 0 0 0 0 0 0 0 
0 0 0 0 0 0 0 0 0 0 0 0 0 0 0 0 0 0 0 0 0 0 0 0 0 0 0 0 0 0 0 0 
0 0 0 0 0 0 0 0 0 0 0 0 0 0 0 0 0 0 0 0 0 0 0 0 0 0 0 0 0 0 0 0 
0 0 0 0 0 0 0 0 0 0 0 0 0 0 0 0 0 0 0 0 0 0 0 0 0 0 0 0 0 0 0 0 
0 0 0 0 0 0 0 0 0 0 0 0 0 0 0 0 0 0 0 0 0 0 0 0 0 0 0 0 0 0 0 0 
0 0 0 0 0 0 0 0 0 0 0 0 0 0 0 0 0 0 0 0 0 0 0 0 0 0 0 0 0 0 0 0 
0 0 0 0 0 0 0 0 0 0 0 0 0 0 0 0 0 0 0 0 0 0 0 0 0 0 0 0 0 0 0 0 
0 0 0 0 0 0 0 0 0 0 0 0 0 0 0 0 0 0 0 0 0 0 0 0 0 0 0 0 0 0 0 0 
0 0 0 0 0 0 0 0 0 0 0 0 0 0 0 0 0 0 0 0 0 0 0 0 0 0 0 0 0 0 0 0 
0 0 0 0 0 0 0 0 0 0 0 0 0 0 0 0 0 0 0 0 0 0 0 0 0 0 0 0 0 0 0 0 
0 0 0 0 0 0 0 0 0 0 0 0 0 0 0 0 0 0 0 0 0 0 0 0 0 0 0 0 0 0 0 0 
0 0 0 0 0 0 0 0 0 0 0 0 0 0 0 0 0 0 0 0 0 0 0 0 0 0 0 0 0 0 0 0 
0 0 0 0 0 0 0 0 0 0 0 0 0 0 0 0 0 0 0 0 0 0 0 0 0 0 0 0 0 0 0 0 
0 0 0 0 0 0 0 0 0 0 0 0 0 0 0 0 0 0 0 0 0 0 0 0 0 0 0 0 0 0 0 0 
0 0 0 0 0 0 0 0 0 0 0 0 0 0 0 0 0 0 0 0 0 0 0 0 0 0 0 0 0 0 0 0 
0 0 0 0 0 0 0 0 0 0 0 0 0 0 0 0 0 0 0 0 0 0 0 0 0 0 0 0 0 0 0 0 
0 0 0 0 0 0 0 0 0 0 0 0 0 0 0 0 0 0 0 0 0 0 0 0 0 0 0 0 0 0 0 0 
0 0 0 0 0 0 0 0 0 0 0 0 0 0 0 0 0 0 0 0 0 0 0 0 0 0 0 0 0 0 0 0 
0 0 0 0 0 0 0 0 0 0 0 0 0 0 0 0 0 0 0 0 0 0 0 0 0 16 0 0 0 0 0 0 
0 0 0 0 0 0 0 0 0 0 0 0 0 0 0 0 0 0 0 0 0 0 0 0 0 0 16 0 0 0 0 0 
0 0 0 0 0 0 0 0 0 0 0 0 0 0 0 0 0 0 0 0 0 0 0 0 0 0 0 16 0 0 0 0 
0 0 0 0 0 0 0 0 0 0 0 0 0 0 0 0 0 0 0 0 0 0 0 0 0 0 0 0 16 0 0 0 
0 0 0 0 0 0 0 0 0 0 0 0 0 0 0 0 0 0 0 0 0 0 0 0 0 0 0 0 0 16 0 0 
0 0 0 0 0 0 0 0 0 0 0 0 0 0 0 0 0 0 0 0 0 0 0 0 0 0 0 0 0 0 16 0 
0 0 0 0 0 0 0 0 0 0 0 0 0 0 0 0 0 0 0 0 0 0 0 0 0 0 0 0 0 0 0 16 
0 0 0 0 0 0 0 0 0 0 0 0 0 0 0 0 0 0 0 0 0 0 0 0 0 0 0 0 0 0 0 0 

0 |--> /home/amiryousefi/MasterThesis/Codes/NAS/NPB3.3-OMP-C/CG/cg.c::__kmpc_for_static_init_4 line: 0:933::0
0 0 0 0 0 0 0 0 0 0 0 0 0 0 0 0 0 0 0 0 0 0 0 0 0 0 0 0 0 0 0 0 
48 0 16 12 52 40 44 8 20 8 48 24 60 28 48 28 8 28 36 24 68 16 20 16 20 20 12 20 28 4 32 40 
40 12 0 12 24 12 20 12 12 20 28 16 32 8 24 8 16 44 36 44 8 28 16 16 4 4 4 4 24 16 20 8 
44 16 28 0 16 8 24 20 24 32 8 36 8 24 20 24 0 44 28 0 16 16 32 24 24 52 8 52 36 12 20 48 
20 56 16 8 0 48 24 52 12 48 28 44 32 16 40 20 28 28 8 24 32 28 8 16 8 16 20 16 24 16 40 12 
20 28 16 28 20 0 24 12 12 24 28 12 4 40 20 0 4 16 48 4 8 24 12 20 12 16 28 48 0 40 12 28 
8 28 24 24 44 24 0 20 20 8 4 4 32 44 8 12 16 0 36 4 16 32 40 4 40 24 4 8 24 32 32 52 
36 68 36 44 16 32 12 0 28 20 36 36 44 20 52 40 8 48 36 20 28 36 12 48 44 24 56 36 28 12 16 36 
52 16 36 40 8 48 28 36 0 24 20 28 64 24 28 8 44 56 20 16 44 40 8 12 20 36 4 20 36 28 28 28 
28 8 20 28 12 40 32 8 24 0 24 48 20 4 24 32 8 24 12 0 44 8 20 32 0 16 4 24 12 16 28 12 
32 20 12 20 8 36 32 28 28 20 0 20 24 28 16 12 16 4 4 20 28 20 28 28 8 20 24 20 36 8 24 44 
12 20 36 36 40 24 8 4 16 8 16 0 68 16 32 28 0 8 20 12 20 24 12 24 12 24 16 12 16 16 24 16 
20 8 20 24 12 24 16 20 20 4 20 4 0 24 8 0 16 40 32 8 20 8 20 4 16 8 4 24 8 16 20 20 
16 8 8 24 4 28 32 16 8 20 20 8 16 0 8 36 40 16 32 12 12 28 16 20 20 4 0 16 8 8 28 24 
20 16 24 0 24 8 24 16 20 36 24 4 8 12 0 12 8 20 20 8 8 0 0 24 20 28 40 24 24 16 4 20 
20 24 16 36 12 40 52 8 8 20 52 24 20 16 24 0 52 44 8 28 4 16 24 24 4 12 44 24 8 40 24 28 
20 28 8 16 60 40 48 16 12 24 36 32 44 56 16 56 0 52 36 20 36 16 64 48 12 32 28 28 56 32 36 20 
24 4 8 8 0 12 0 0 12 16 24 0 16 32 16 8 12 0 40 4 20 36 16 12 4 48 0 0 0 8 8 20 
40 4 28 32 20 12 16 8 16 20 36 16 24 56 36 16 20 16 0 4 0 0 12 28 8 0 8 12 32 16 36 28 
4 28 52 44 20 12 16 44 16 48 20 36 16 52 40 12 4 40 36 0 36 24 12 12 32 48 28 24 40 36 24 56 
32 28 44 20 8 16 44 28 24 24 36 32 28 24 20 36 28 28 40 4 0 16 24 24 0 28 16 28 16 20 52 12 
36 28 12 20 16 28 24 28 24 24 24 32 40 12 36 20 8 40 32 12 64 0 40 24 16 32 12 36 4 24 44 20 
32 16 16 24 28 12 16 24 32 44 64 44 16 40 36 16 20 16 8 24 40 28 0 20 28 24 20 20 20 28 44 36 
40 12 28 16 20 48 24 16 36 16 12 44 24 16 64 4 24 44 4 16 12 16 60 0 24 28 16 24 60 20 32 28 
36 16 36 24 24 44 52 36 36 52 40 20 20 56 28 40 28 40 28 16 8 16 8 24 0 596 40 24 16 20 40 24 
48 4 24 12 20 12 8 36 12 28 12 4 24 32 28 44 20 20 8 24 20 28 16 20 12 0 1592 12 8 8 32 24 
24 8 16 56 32 8 12 8 44 44 28 32 24 60 20 16 64 24 76 24 24 56 44 40 48 28 0 1960 8 40 44 16 
32 12 20 24 36 36 20 24 8 52 36 32 40 44 28 32 28 52 60 24 32 32 16 32 16 12 20 0 2688 4 36 32 
28 20 20 8 24 36 12 28 8 12 8 8 40 40 28 12 16 36 24 8 20 12 16 8 8 16 8 8 0 3164 28 12 
16 32 56 52 24 92 20 24 36 16 32 44 8 20 36 24 8 48 48 28 52 28 48 8 20 28 40 20 36 0 5148 20 
40 28 40 12 4 8 20 20 20 24 0 12 24 24 20 28 8 32 28 16 24 12 20 20 16 32 4 20 36 16 0 5196 
8 0 4 4 12 16 20 4 32 24 8 0 16 44 24 28 16 20 32 8 0 12 4 24 0 12 28 12 16 4 0 0 

0 |--> /home/amiryousefi/MasterThesis/Codes/NAS/NPB3.3-OMP-C/CG/cg.c::__kmpc_for_static_init_4 line: 0:948::0
0 0 0 0 0 0 0 0 0 0 0 0 0 0 0 0 0 0 0 0 0 0 0 0 0 0 0 0 0 0 0 0 
0 0 0 0 4 0 0 0 0 4 0 0 0 0 0 0 0 4 0 0 0 0 0 0 0 0 0 0 0 0 0 0 
0 0 0 0 0 0 0 0 0 0 0 0 0 0 4 0 0 0 0 0 0 0 0 0 0 0 0 0 0 4 0 0 
0 0 0 0 0 0 4 0 0 0 0 0 0 0 0 0 0 0 0 0 0 0 0 4 0 0 0 0 0 0 0 0 
4 0 0 0 0 0 0 0 0 0 0 0 0 0 0 0 0 0 0 0 0 4 0 0 0 0 0 0 0 0 0 0 
0 0 0 0 0 0 0 0 0 0 0 0 0 0 0 0 0 0 0 0 4 0 0 0 0 0 0 0 0 0 0 0 
0 0 0 4 0 0 0 0 0 0 0 0 0 0 0 0 0 0 0 0 0 0 0 0 0 0 0 0 0 0 0 0 
4 0 0 0 0 0 0 0 0 0 0 0 0 0 0 0 0 0 0 0 0 0 0 0 0 0 0 0 0 0 0 0 
0 0 0 0 0 0 0 0 0 0 0 0 0 0 0 0 0 0 0 0 0 0 0 0 0 0 0 0 0 0 0 0 
0 0 0 0 0 0 0 0 0 0 0 0 0 0 0 0 0 0 0 0 0 0 0 0 0 0 0 0 4 0 0 4 
0 0 0 0 0 0 0 0 0 0 0 0 0 0 0 0 0 0 0 8 0 0 0 0 0 0 0 0 0 0 0 0 
0 0 0 0 0 0 0 0 0 0 0 0 4 0 0 0 0 0 0 0 0 0 0 0 0 0 0 0 0 0 0 0 
0 0 0 0 0 0 0 0 0 0 0 0 0 0 0 0 0 0 0 4 0 0 0 0 0 0 0 0 0 0 0 0 
0 0 0 0 0 0 0 0 0 0 0 0 0 0 0 0 0 0 0 0 0 0 0 0 4 0 4 0 0 0 0 0 
4 0 0 0 0 0 0 0 0 0 0 0 0 0 0 0 0 4 0 0 0 0 0 0 0 0 0 0 0 0 0 0 
0 0 4 0 0 0 0 0 0 0 0 0 0 0 0 0 4 0 0 0 0 0 0 0 0 0 0 0 0 0 0 0 
0 0 0 0 0 0 0 0 0 0 0 0 0 0 0 0 0 0 0 0 0 0 0 0 0 0 0 0 0 0 0 0 
0 0 0 0 0 0 0 0 4 0 0 0 0 0 0 0 0 0 0 0 0 0 0 0 0 0 0 0 0 0 0 0 
0 0 0 0 0 0 0 0 0 0 0 0 0 0 0 0 0 0 0 0 0 0 0 0 0 0 0 0 0 0 0 0 
0 0 0 0 0 0 0 0 0 0 0 0 0 0 0 0 0 0 0 0 0 0 0 0 0 0 0 0 0 0 0 0 
0 0 0 0 0 0 0 0 0 0 0 0 0 0 0 0 0 0 0 0 0 0 0 0 0 0 0 0 0 0 0 0 
0 0 0 0 0 0 0 0 0 0 0 0 0 0 0 0 0 0 0 0 0 0 0 0 0 0 0 0 0 0 0 0 
0 0 0 0 0 0 0 0 0 0 0 0 0 0 0 0 0 0 0 0 0 0 0 4 0 0 0 4 0 0 0 0 
0 0 0 0 0 0 0 0 0 0 0 0 0 0 0 0 0 0 0 0 0 0 0 0 0 0 0 0 0 0 0 0 
0 0 0 0 0 0 0 0 0 0 0 0 0 0 0 0 0 0 0 0 0 0 0 0 0 0 0 0 0 0 0 0 
0 0 0 0 0 0 0 0 0 0 0 0 0 0 0 0 0 0 0 0 0 0 0 0 0 0 0 0 0 0 0 0 
0 0 0 0 0 0 0 0 0 0 0 0 0 0 0 0 0 0 0 0 0 0 0 0 0 0 0 4 0 0 0 0 
4 0 0 0 0 0 0 0 0 0 0 0 0 0 0 0 0 0 0 0 0 0 0 0 0 8 0 0 0 0 0 0 
0 0 0 0 0 0 0 0 0 4 0 0 0 0 0 0 0 0 0 0 0 0 0 0 0 0 0 0 0 0 0 0 
0 0 0 0 0 0 0 0 0 0 0 0 0 0 0 0 0 0 0 0 0 0 0 0 0 0 0 0 0 0 0 0 
0 4 0 0 0 0 0 0 0 0 0 0 0 0 0 0 0 0 0 0 0 0 4 0 0 0 0 0 0 4 0 0 
0 0 0 0 0 0 0 0 0 0 0 0 0 0 0 0 0 0 0 0 0 0 0 0 0 0 0 0 0 0 0 0 

0 |--> /home/amiryousefi/MasterThesis/Codes/NAS/NPB3.3-OMP-C/CG/cg.c::__kmpc_reduce line: 0:486::0
0 0 0 0 0 0 0 0 0 0 0 0 0 0 0 0 0 0 0 0 0 0 0 0 0 0 0 0 0 0 0 0 
256 0 0 0 0 0 0 0 0 0 0 0 0 0 0 0 0 0 0 0 0 0 0 0 0 0 0 0 0 0 0 0 
256 0 0 0 0 0 0 0 0 0 0 0 0 0 0 0 0 0 0 0 0 0 0 0 0 0 0 0 0 0 0 0 
0 0 256 0 0 0 0 0 0 0 0 0 0 0 0 0 0 0 0 0 0 0 0 0 0 0 0 0 0 0 0 0 
256 0 0 0 0 0 0 0 0 0 0 0 0 0 0 0 0 0 0 0 0 0 0 0 0 0 0 0 0 0 0 0 
0 0 0 0 256 0 0 0 0 0 0 0 0 0 0 0 0 0 0 0 0 0 0 0 0 0 0 0 0 0 0 0 
0 0 0 0 256 0 0 0 0 0 0 0 0 0 0 0 0 0 0 0 0 0 0 0 0 0 0 0 0 0 0 0 
0 0 0 0 0 0 256 0 0 0 0 0 0 0 0 0 0 0 0 0 0 0 0 0 0 0 0 0 0 0 0 0 
256 0 0 0 0 0 0 0 0 0 0 0 0 0 0 0 0 0 0 0 0 0 0 0 0 0 0 0 0 0 0 0 
0 0 0 0 0 0 0 0 256 0 0 0 0 0 0 0 0 0 0 0 0 0 0 0 0 0 0 0 0 0 0 0 
0 0 0 0 0 0 0 0 256 0 0 0 0 0 0 0 0 0 0 0 0 0 0 0 0 0 0 0 0 0 0 0 
0 0 0 0 0 0 0 0 0 0 256 0 0 0 0 0 0 0 0 0 0 0 0 0 0 0 0 0 0 0 0 0 
0 0 0 0 0 0 0 0 256 0 0 0 0 0 0 0 0 0 0 0 0 0 0 0 0 0 0 0 0 0 0 0 
0 0 0 0 0 0 0 0 0 0 0 0 256 0 0 0 0 0 0 0 0 0 0 0 0 0 0 0 0 0 0 0 
0 0 0 0 0 0 0 0 0 0 0 0 256 0 0 0 0 0 0 0 0 0 0 0 0 0 0 0 0 0 0 0 
0 0 0 0 0 0 0 0 0 0 0 0 0 0 256 0 0 0 0 0 0 0 0 0 0 0 0 0 0 0 0 0 
256 0 0 0 0 0 0 0 0 0 0 0 0 0 0 0 0 0 0 0 0 0 0 0 0 0 0 0 0 0 0 0 
0 0 0 0 0 0 0 0 0 0 0 0 0 0 0 0 256 0 0 0 0 0 0 0 0 0 0 0 0 0 0 0 
0 0 0 0 0 0 0 0 0 0 0 0 0 0 0 0 256 0 0 0 0 0 0 0 0 0 0 0 0 0 0 0 
0 0 0 0 0 0 0 0 0 0 0 0 0 0 0 0 0 0 256 0 0 0 0 0 0 0 0 0 0 0 0 0 
0 0 0 0 0 0 0 0 0 0 0 0 0 0 0 0 256 0 0 0 0 0 0 0 0 0 0 0 0 0 0 0 
0 0 0 0 0 0 0 0 0 0 0 0 0 0 0 0 0 0 0 0 256 0 0 0 0 0 0 0 0 0 0 0 
0 0 0 0 0 0 0 0 0 0 0 0 0 0 0 0 0 0 0 0 256 0 0 0 0 0 0 0 0 0 0 0 
0 0 0 0 0 0 0 0 0 0 0 0 0 0 0 0 0 0 0 0 0 0 256 0 0 0 0 0 0 0 0 0 
0 0 0 0 0 0 0 0 0 0 0 0 0 0 0 0 256 0 0 0 0 0 0 0 0 0 0 0 0 0 0 0 
0 0 0 0 0 0 0 0 0 0 0 0 0 0 0 0 0 0 0 0 0 0 0 0 256 0 0 0 0 0 0 0 
0 0 0 0 0 0 0 0 0 0 0 0 0 0 0 0 0 0 0 0 0 0 0 0 256 0 0 0 0 0 0 0 
0 0 0 0 0 0 0 0 0 0 0 0 0 0 0 0 0 0 0 0 0 0 0 0 0 0 256 0 0 0 0 0 
0 0 0 0 0 0 0 0 0 0 0 0 0 0 0 0 0 0 0 0 0 0 0 0 256 0 0 0 0 0 0 0 
0 0 0 0 0 0 0 0 0 0 0 0 0 0 0 0 0 0 0 0 0 0 0 0 0 0 0 0 256 0 0 0 
0 0 0 0 0 0 0 0 0 0 0 0 0 0 0 0 0 0 0 0 0 0 0 0 0 0 0 0 256 0 0 0 
0 0 0 0 0 0 0 0 0 0 0 0 0 0 0 0 0 0 0 0 0 0 0 0 0 0 0 0 0 0 256 0 

0 |--> /home/amiryousefi/MasterThesis/Codes/NAS/NPB3.3-OMP-C/CG/cg.c::__kmpc_reduce line: 0:570::0
0 0 0 0 0 0 0 0 0 0 0 0 0 0 0 0 0 0 0 0 0 0 0 0 0 0 0 0 0 0 0 0 
6400 0 0 0 0 0 0 0 0 0 0 0 0 0 0 0 0 0 0 0 0 0 0 0 0 0 0 0 0 0 0 0 
6400 0 0 0 0 0 0 0 0 0 0 0 0 0 0 0 0 0 0 0 0 0 0 0 0 0 0 0 0 0 0 0 
0 0 6400 0 0 0 0 0 0 0 0 0 0 0 0 0 0 0 0 0 0 0 0 0 0 0 0 0 0 0 0 0 
6400 0 0 0 0 0 0 0 0 0 0 0 0 0 0 0 0 0 0 0 0 0 0 0 0 0 0 0 0 0 0 0 
0 0 0 0 6400 0 0 0 0 0 0 0 0 0 0 0 0 0 0 0 0 0 0 0 0 0 0 0 0 0 0 0 
0 0 0 0 6400 0 0 0 0 0 0 0 0 0 0 0 0 0 0 0 0 0 0 0 0 0 0 0 0 0 0 0 
0 0 0 0 0 0 6400 0 0 0 0 0 0 0 0 0 0 0 0 0 0 0 0 0 0 0 0 0 0 0 0 0 
6400 0 0 0 0 0 0 0 0 0 0 0 0 0 0 0 0 0 0 0 0 0 0 0 0 0 0 0 0 0 0 0 
0 0 0 0 0 0 0 0 6400 0 0 0 0 0 0 0 0 0 0 0 0 0 0 0 0 0 0 0 0 0 0 0 
0 0 0 0 0 0 0 0 6400 0 0 0 0 0 0 0 0 0 0 0 0 0 0 0 0 0 0 0 0 0 0 0 
0 0 0 0 0 0 0 0 0 0 6400 0 0 0 0 0 0 0 0 0 0 0 0 0 0 0 0 0 0 0 0 0 
0 0 0 0 0 0 0 0 6400 0 0 0 0 0 0 0 0 0 0 0 0 0 0 0 0 0 0 0 0 0 0 0 
0 0 0 0 0 0 0 0 0 0 0 0 6400 0 0 0 0 0 0 0 0 0 0 0 0 0 0 0 0 0 0 0 
0 0 0 0 0 0 0 0 0 0 0 0 6400 0 0 0 0 0 0 0 0 0 0 0 0 0 0 0 0 0 0 0 
0 0 0 0 0 0 0 0 0 0 0 0 0 0 6400 0 0 0 0 0 0 0 0 0 0 0 0 0 0 0 0 0 
6400 0 0 0 0 0 0 0 0 0 0 0 0 0 0 0 0 0 0 0 0 0 0 0 0 0 0 0 0 0 0 0 
0 0 0 0 0 0 0 0 0 0 0 0 0 0 0 0 6400 0 0 0 0 0 0 0 0 0 0 0 0 0 0 0 
0 0 0 0 0 0 0 0 0 0 0 0 0 0 0 0 6400 0 0 0 0 0 0 0 0 0 0 0 0 0 0 0 
0 0 0 0 0 0 0 0 0 0 0 0 0 0 0 0 0 0 6400 0 0 0 0 0 0 0 0 0 0 0 0 0 
0 0 0 0 0 0 0 0 0 0 0 0 0 0 0 0 6400 0 0 0 0 0 0 0 0 0 0 0 0 0 0 0 
0 0 0 0 0 0 0 0 0 0 0 0 0 0 0 0 0 0 0 0 6400 0 0 0 0 0 0 0 0 0 0 0 
0 0 0 0 0 0 0 0 0 0 0 0 0 0 0 0 0 0 0 0 6400 0 0 0 0 0 0 0 0 0 0 0 
0 0 0 0 0 0 0 0 0 0 0 0 0 0 0 0 0 0 0 0 0 0 6400 0 0 0 0 0 0 0 0 0 
0 0 0 0 0 0 0 0 0 0 0 0 0 0 0 0 6400 0 0 0 0 0 0 0 0 0 0 0 0 0 0 0 
0 0 0 0 0 0 0 0 0 0 0 0 0 0 0 0 0 0 0 0 0 0 0 0 6400 0 0 0 0 0 0 0 
0 0 0 0 0 0 0 0 0 0 0 0 0 0 0 0 0 0 0 0 0 0 0 0 6400 0 0 0 0 0 0 0 
0 0 0 0 0 0 0 0 0 0 0 0 0 0 0 0 0 0 0 0 0 0 0 0 0 0 6400 0 0 0 0 0 
0 0 0 0 0 0 0 0 0 0 0 0 0 0 0 0 0 0 0 0 0 0 0 0 6400 0 0 0 0 0 0 0 
0 0 0 0 0 0 0 0 0 0 0 0 0 0 0 0 0 0 0 0 0 0 0 0 0 0 0 0 6400 0 0 0 
0 0 0 0 0 0 0 0 0 0 0 0 0 0 0 0 0 0 0 0 0 0 0 0 0 0 0 0 6400 0 0 0 
0 0 0 0 0 0 0 0 0 0 0 0 0 0 0 0 0 0 0 0 0 0 0 0 0 0 0 0 0 0 6400 0 

0 |--> /home/amiryousefi/MasterThesis/Codes/NAS/NPB3.3-OMP-C/CG/cg.c::__kmpc_reduce line: 0:585::0
0 0 0 0 0 0 0 0 0 0 0 0 0 0 0 0 0 0 0 0 0 0 0 0 0 0 0 0 0 0 0 0 
6400 0 0 0 0 0 0 0 0 0 0 0 0 0 0 0 0 0 0 0 0 0 0 0 0 0 0 0 0 0 0 0 
6400 0 0 0 0 0 0 0 0 0 0 0 0 0 0 0 0 0 0 0 0 0 0 0 0 0 0 0 0 0 0 0 
0 0 6400 0 0 0 0 0 0 0 0 0 0 0 0 0 0 0 0 0 0 0 0 0 0 0 0 0 0 0 0 0 
6400 0 0 0 0 0 0 0 0 0 0 0 0 0 0 0 0 0 0 0 0 0 0 0 0 0 0 0 0 0 0 0 
0 0 0 0 6400 0 0 0 0 0 0 0 0 0 0 0 0 0 0 0 0 0 0 0 0 0 0 0 0 0 0 0 
0 0 0 0 6400 0 0 0 0 0 0 0 0 0 0 0 0 0 0 0 0 0 0 0 0 0 0 0 0 0 0 0 
0 0 0 0 0 0 6400 0 0 0 0 0 0 0 0 0 0 0 0 0 0 0 0 0 0 0 0 0 0 0 0 0 
6400 0 0 0 0 0 0 0 0 0 0 0 0 0 0 0 0 0 0 0 0 0 0 0 0 0 0 0 0 0 0 0 
0 0 0 0 0 0 0 0 6400 0 0 0 0 0 0 0 0 0 0 0 0 0 0 0 0 0 0 0 0 0 0 0 
0 0 0 0 0 0 0 0 6400 0 0 0 0 0 0 0 0 0 0 0 0 0 0 0 0 0 0 0 0 0 0 0 
0 0 0 0 0 0 0 0 0 0 6400 0 0 0 0 0 0 0 0 0 0 0 0 0 0 0 0 0 0 0 0 0 
0 0 0 0 0 0 0 0 6400 0 0 0 0 0 0 0 0 0 0 0 0 0 0 0 0 0 0 0 0 0 0 0 
0 0 0 0 0 0 0 0 0 0 0 0 6400 0 0 0 0 0 0 0 0 0 0 0 0 0 0 0 0 0 0 0 
0 0 0 0 0 0 0 0 0 0 0 0 6400 0 0 0 0 0 0 0 0 0 0 0 0 0 0 0 0 0 0 0 
0 0 0 0 0 0 0 0 0 0 0 0 0 0 6400 0 0 0 0 0 0 0 0 0 0 0 0 0 0 0 0 0 
6400 0 0 0 0 0 0 0 0 0 0 0 0 0 0 0 0 0 0 0 0 0 0 0 0 0 0 0 0 0 0 0 
0 0 0 0 0 0 0 0 0 0 0 0 0 0 0 0 6400 0 0 0 0 0 0 0 0 0 0 0 0 0 0 0 
0 0 0 0 0 0 0 0 0 0 0 0 0 0 0 0 6400 0 0 0 0 0 0 0 0 0 0 0 0 0 0 0 
0 0 0 0 0 0 0 0 0 0 0 0 0 0 0 0 0 0 6400 0 0 0 0 0 0 0 0 0 0 0 0 0 
0 0 0 0 0 0 0 0 0 0 0 0 0 0 0 0 6400 0 0 0 0 0 0 0 0 0 0 0 0 0 0 0 
0 0 0 0 0 0 0 0 0 0 0 0 0 0 0 0 0 0 0 0 6400 0 0 0 0 0 0 0 0 0 0 0 
0 0 0 0 0 0 0 0 0 0 0 0 0 0 0 0 0 0 0 0 6400 0 0 0 0 0 0 0 0 0 0 0 
0 0 0 0 0 0 0 0 0 0 0 0 0 0 0 0 0 0 0 0 0 0 6400 0 0 0 0 0 0 0 0 0 
0 0 0 0 0 0 0 0 0 0 0 0 0 0 0 0 6400 0 0 0 0 0 0 0 0 0 0 0 0 0 0 0 
0 0 0 0 0 0 0 0 0 0 0 0 0 0 0 0 0 0 0 0 0 0 0 0 6400 0 0 0 0 0 0 0 
0 0 0 0 0 0 0 0 0 0 0 0 0 0 0 0 0 0 0 0 0 0 0 0 6400 0 0 0 0 0 0 0 
0 0 0 0 0 0 0 0 0 0 0 0 0 0 0 0 0 0 0 0 0 0 0 0 0 0 6400 0 0 0 0 0 
0 0 0 0 0 0 0 0 0 0 0 0 0 0 0 0 0 0 0 0 0 0 0 0 6400 0 0 0 0 0 0 0 
0 0 0 0 0 0 0 0 0 0 0 0 0 0 0 0 0 0 0 0 0 0 0 0 0 0 0 0 6400 0 0 0 
0 0 0 0 0 0 0 0 0 0 0 0 0 0 0 0 0 0 0 0 0 0 0 0 0 0 0 0 6400 0 0 0 
0 0 0 0 0 0 0 0 0 0 0 0 0 0 0 0 0 0 0 0 0 0 0 0 0 0 0 0 0 0 6400 0 

0 |--> /home/amiryousefi/MasterThesis/Codes/NAS/NPB3.3-OMP-C/CG/cg.c::__kmpc_reduce_nowait line: 0:294::0
0 0 0 0 0 0 0 0 0 0 0 0 0 0 0 0 0 0 0 0 0 0 0 0 0 0 0 0 0 0 0 0 
32 0 0 0 0 0 0 0 0 0 0 0 0 0 0 0 0 0 0 0 0 0 0 0 0 0 0 0 0 0 0 0 
32 0 0 0 0 0 0 0 0 0 0 0 0 0 0 0 0 0 0 0 0 0 0 0 0 0 0 0 0 0 0 0 
0 0 32 0 0 0 0 0 0 0 0 0 0 0 0 0 0 0 0 0 0 0 0 0 0 0 0 0 0 0 0 0 
32 0 0 0 0 0 0 0 0 0 0 0 0 0 0 0 0 0 0 0 0 0 0 0 0 0 0 0 0 0 0 0 
0 0 0 0 32 0 0 0 0 0 0 0 0 0 0 0 0 0 0 0 0 0 0 0 0 0 0 0 0 0 0 0 
0 0 0 0 32 0 0 0 0 0 0 0 0 0 0 0 0 0 0 0 0 0 0 0 0 0 0 0 0 0 0 0 
0 0 0 0 0 0 32 0 0 0 0 0 0 0 0 0 0 0 0 0 0 0 0 0 0 0 0 0 0 0 0 0 
32 0 0 0 0 0 0 0 0 0 0 0 0 0 0 0 0 0 0 0 0 0 0 0 0 0 0 0 0 0 0 0 
0 0 0 0 0 0 0 0 32 0 0 0 0 0 0 0 0 0 0 0 0 0 0 0 0 0 0 0 0 0 0 0 
0 0 0 0 0 0 0 0 32 0 0 0 0 0 0 0 0 0 0 0 0 0 0 0 0 0 0 0 0 0 0 0 
0 0 0 0 0 0 0 0 0 0 32 0 0 0 0 0 0 0 0 0 0 0 0 0 0 0 0 0 0 0 0 0 
0 0 0 0 0 0 0 0 32 0 0 0 0 0 0 0 0 0 0 0 0 0 0 0 0 0 0 0 0 0 0 0 
0 0 0 0 0 0 0 0 0 0 0 0 32 0 0 0 0 0 0 0 0 0 0 0 0 0 0 0 0 0 0 0 
0 0 0 0 0 0 0 0 0 0 0 0 32 0 0 0 0 0 0 0 0 0 0 0 0 0 0 0 0 0 0 0 
0 0 0 0 0 0 0 0 0 0 0 0 0 0 32 0 0 0 0 0 0 0 0 0 0 0 0 0 0 0 0 0 
32 0 0 0 0 0 0 0 0 0 0 0 0 0 0 0 0 0 0 0 0 0 0 0 0 0 0 0 0 0 0 0 
0 0 0 0 0 0 0 0 0 0 0 0 0 0 0 0 32 0 0 0 0 0 0 0 0 0 0 0 0 0 0 0 
0 0 0 0 0 0 0 0 0 0 0 0 0 0 0 0 32 0 0 0 0 0 0 0 0 0 0 0 0 0 0 0 
0 0 0 0 0 0 0 0 0 0 0 0 0 0 0 0 0 0 32 0 0 0 0 0 0 0 0 0 0 0 0 0 
0 0 0 0 0 0 0 0 0 0 0 0 0 0 0 0 32 0 0 0 0 0 0 0 0 0 0 0 0 0 0 0 
0 0 0 0 0 0 0 0 0 0 0 0 0 0 0 0 0 0 0 0 32 0 0 0 0 0 0 0 0 0 0 0 
0 0 0 0 0 0 0 0 0 0 0 0 0 0 0 0 0 0 0 0 32 0 0 0 0 0 0 0 0 0 0 0 
0 0 0 0 0 0 0 0 0 0 0 0 0 0 0 0 0 0 0 0 0 0 32 0 0 0 0 0 0 0 0 0 
0 0 0 0 0 0 0 0 0 0 0 0 0 0 0 0 32 0 0 0 0 0 0 0 0 0 0 0 0 0 0 0 
0 0 0 0 0 0 0 0 0 0 0 0 0 0 0 0 0 0 0 0 0 0 0 0 32 0 0 0 0 0 0 0 
0 0 0 0 0 0 0 0 0 0 0 0 0 0 0 0 0 0 0 0 0 0 0 0 32 0 0 0 0 0 0 0 
0 0 0 0 0 0 0 0 0 0 0 0 0 0 0 0 0 0 0 0 0 0 0 0 0 0 32 0 0 0 0 0 
0 0 0 0 0 0 0 0 0 0 0 0 0 0 0 0 0 0 0 0 0 0 0 0 32 0 0 0 0 0 0 0 
0 0 0 0 0 0 0 0 0 0 0 0 0 0 0 0 0 0 0 0 0 0 0 0 0 0 0 0 32 0 0 0 
0 0 0 0 0 0 0 0 0 0 0 0 0 0 0 0 0 0 0 0 0 0 0 0 0 0 0 0 32 0 0 0 
0 0 0 0 0 0 0 0 0 0 0 0 0 0 0 0 0 0 0 0 0 0 0 0 0 0 0 0 0 0 32 0 

0 |--> /home/amiryousefi/MasterThesis/Codes/NAS/NPB3.3-OMP-C/CG/cg.c::__kmpc_reduce_nowait line: 0:351::0
0 0 0 0 0 0 0 0 0 0 0 0 0 0 0 0 0 0 0 0 0 0 0 0 0 0 0 0 0 0 0 0 
480 0 0 0 0 0 0 0 0 0 0 0 0 0 0 0 0 0 0 0 0 0 0 0 0 0 0 0 0 0 0 0 
480 0 0 0 0 0 0 0 0 0 0 0 0 0 0 0 0 0 0 0 0 0 0 0 0 0 0 0 0 0 0 0 
0 0 480 0 0 0 0 0 0 0 0 0 0 0 0 0 0 0 0 0 0 0 0 0 0 0 0 0 0 0 0 0 
480 0 0 0 0 0 0 0 0 0 0 0 0 0 0 0 0 0 0 0 0 0 0 0 0 0 0 0 0 0 0 0 
0 0 0 0 480 0 0 0 0 0 0 0 0 0 0 0 0 0 0 0 0 0 0 0 0 0 0 0 0 0 0 0 
0 0 0 0 480 0 0 0 0 0 0 0 0 0 0 0 0 0 0 0 0 0 0 0 0 0 0 0 0 0 0 0 
0 0 0 0 0 0 480 0 0 0 0 0 0 0 0 0 0 0 0 0 0 0 0 0 0 0 0 0 0 0 0 0 
480 0 0 0 0 0 0 0 0 0 0 0 0 0 0 0 0 0 0 0 0 0 0 0 0 0 0 0 0 0 0 0 
0 0 0 0 0 0 0 0 480 0 0 0 0 0 0 0 0 0 0 0 0 0 0 0 0 0 0 0 0 0 0 0 
0 0 0 0 0 0 0 0 480 0 0 0 0 0 0 0 0 0 0 0 0 0 0 0 0 0 0 0 0 0 0 0 
0 0 0 0 0 0 0 0 0 0 480 0 0 0 0 0 0 0 0 0 0 0 0 0 0 0 0 0 0 0 0 0 
0 0 0 0 0 0 0 0 480 0 0 0 0 0 0 0 0 0 0 0 0 0 0 0 0 0 0 0 0 0 0 0 
0 0 0 0 0 0 0 0 0 0 0 0 480 0 0 0 0 0 0 0 0 0 0 0 0 0 0 0 0 0 0 0 
0 0 0 0 0 0 0 0 0 0 0 0 480 0 0 0 0 0 0 0 0 0 0 0 0 0 0 0 0 0 0 0 
0 0 0 0 0 0 0 0 0 0 0 0 0 0 480 0 0 0 0 0 0 0 0 0 0 0 0 0 0 0 0 0 
480 0 0 0 0 0 0 0 0 0 0 0 0 0 0 0 0 0 0 0 0 0 0 0 0 0 0 0 0 0 0 0 
0 0 0 0 0 0 0 0 0 0 0 0 0 0 0 0 480 0 0 0 0 0 0 0 0 0 0 0 0 0 0 0 
0 0 0 0 0 0 0 0 0 0 0 0 0 0 0 0 480 0 0 0 0 0 0 0 0 0 0 0 0 0 0 0 
0 0 0 0 0 0 0 0 0 0 0 0 0 0 0 0 0 0 480 0 0 0 0 0 0 0 0 0 0 0 0 0 
0 0 0 0 0 0 0 0 0 0 0 0 0 0 0 0 480 0 0 0 0 0 0 0 0 0 0 0 0 0 0 0 
0 0 0 0 0 0 0 0 0 0 0 0 0 0 0 0 0 0 0 0 480 0 0 0 0 0 0 0 0 0 0 0 
0 0 0 0 0 0 0 0 0 0 0 0 0 0 0 0 0 0 0 0 480 0 0 0 0 0 0 0 0 0 0 0 
0 0 0 0 0 0 0 0 0 0 0 0 0 0 0 0 0 0 0 0 0 0 480 0 0 0 0 0 0 0 0 0 
0 0 0 0 0 0 0 0 0 0 0 0 0 0 0 0 480 0 0 0 0 0 0 0 0 0 0 0 0 0 0 0 
0 0 0 0 0 0 0 0 0 0 0 0 0 0 0 0 0 0 0 0 0 0 0 0 480 0 0 0 0 0 0 0 
0 0 0 0 0 0 0 0 0 0 0 0 0 0 0 0 0 0 0 0 0 0 0 0 480 0 0 0 0 0 0 0 
0 0 0 0 0 0 0 0 0 0 0 0 0 0 0 0 0 0 0 0 0 0 0 0 0 0 480 0 0 0 0 0 
0 0 0 0 0 0 0 0 0 0 0 0 0 0 0 0 0 0 0 0 0 0 0 0 480 0 0 0 0 0 0 0 
0 0 0 0 0 0 0 0 0 0 0 0 0 0 0 0 0 0 0 0 0 0 0 0 0 0 0 0 480 0 0 0 
0 0 0 0 0 0 0 0 0 0 0 0 0 0 0 0 0 0 0 0 0 0 0 0 0 0 0 0 480 0 0 0 
0 0 0 0 0 0 0 0 0 0 0 0 0 0 0 0 0 0 0 0 0 0 0 0 0 0 0 0 0 0 480 0 

0 |--> /home/amiryousefi/MasterThesis/Codes/NAS/NPB3.3-OMP-C/CG/cg.c::__kmpc_reduce_nowait line: 0:629::0
0 0 0 0 0 0 0 0 0 0 0 0 0 0 0 0 0 0 0 0 0 0 0 0 0 0 0 0 0 0 0 0 
256 0 0 0 0 0 0 0 0 0 0 0 0 0 0 0 0 0 0 0 0 0 0 0 0 0 0 0 0 0 0 0 
256 0 0 0 0 0 0 0 0 0 0 0 0 0 0 0 0 0 0 0 0 0 0 0 0 0 0 0 0 0 0 0 
0 0 256 0 0 0 0 0 0 0 0 0 0 0 0 0 0 0 0 0 0 0 0 0 0 0 0 0 0 0 0 0 
256 0 0 0 0 0 0 0 0 0 0 0 0 0 0 0 0 0 0 0 0 0 0 0 0 0 0 0 0 0 0 0 
0 0 0 0 256 0 0 0 0 0 0 0 0 0 0 0 0 0 0 0 0 0 0 0 0 0 0 0 0 0 0 0 
0 0 0 0 256 0 0 0 0 0 0 0 0 0 0 0 0 0 0 0 0 0 0 0 0 0 0 0 0 0 0 0 
0 0 0 0 0 0 256 0 0 0 0 0 0 0 0 0 0 0 0 0 0 0 0 0 0 0 0 0 0 0 0 0 
256 0 0 0 0 0 0 0 0 0 0 0 0 0 0 0 0 0 0 0 0 0 0 0 0 0 0 0 0 0 0 0 
0 0 0 0 0 0 0 0 256 0 0 0 0 0 0 0 0 0 0 0 0 0 0 0 0 0 0 0 0 0 0 0 
0 0 0 0 0 0 0 0 256 0 0 0 0 0 0 0 0 0 0 0 0 0 0 0 0 0 0 0 0 0 0 0 
0 0 0 0 0 0 0 0 0 0 256 0 0 0 0 0 0 0 0 0 0 0 0 0 0 0 0 0 0 0 0 0 
0 0 0 0 0 0 0 0 256 0 0 0 0 0 0 0 0 0 0 0 0 0 0 0 0 0 0 0 0 0 0 0 
0 0 0 0 0 0 0 0 0 0 0 0 256 0 0 0 0 0 0 0 0 0 0 0 0 0 0 0 0 0 0 0 
0 0 0 0 0 0 0 0 0 0 0 0 256 0 0 0 0 0 0 0 0 0 0 0 0 0 0 0 0 0 0 0 
0 0 0 0 0 0 0 0 0 0 0 0 0 0 256 0 0 0 0 0 0 0 0 0 0 0 0 0 0 0 0 0 
256 0 0 0 0 0 0 0 0 0 0 0 0 0 0 0 0 0 0 0 0 0 0 0 0 0 0 0 0 0 0 0 
0 0 0 0 0 0 0 0 0 0 0 0 0 0 0 0 256 0 0 0 0 0 0 0 0 0 0 0 0 0 0 0 
0 0 0 0 0 0 0 0 0 0 0 0 0 0 0 0 256 0 0 0 0 0 0 0 0 0 0 0 0 0 0 0 
0 0 0 0 0 0 0 0 0 0 0 0 0 0 0 0 0 0 256 0 0 0 0 0 0 0 0 0 0 0 0 0 
0 0 0 0 0 0 0 0 0 0 0 0 0 0 0 0 256 0 0 0 0 0 0 0 0 0 0 0 0 0 0 0 
0 0 0 0 0 0 0 0 0 0 0 0 0 0 0 0 0 0 0 0 256 0 0 0 0 0 0 0 0 0 0 0 
0 0 0 0 0 0 0 0 0 0 0 0 0 0 0 0 0 0 0 0 256 0 0 0 0 0 0 0 0 0 0 0 
0 0 0 0 0 0 0 0 0 0 0 0 0 0 0 0 0 0 0 0 0 0 256 0 0 0 0 0 0 0 0 0 
0 0 0 0 0 0 0 0 0 0 0 0 0 0 0 0 256 0 0 0 0 0 0 0 0 0 0 0 0 0 0 0 
0 0 0 0 0 0 0 0 0 0 0 0 0 0 0 0 0 0 0 0 0 0 0 0 256 0 0 0 0 0 0 0 
0 0 0 0 0 0 0 0 0 0 0 0 0 0 0 0 0 0 0 0 0 0 0 0 256 0 0 0 0 0 0 0 
0 0 0 0 0 0 0 0 0 0 0 0 0 0 0 0 0 0 0 0 0 0 0 0 0 0 256 0 0 0 0 0 
0 0 0 0 0 0 0 0 0 0 0 0 0 0 0 0 0 0 0 0 0 0 0 0 256 0 0 0 0 0 0 0 
0 0 0 0 0 0 0 0 0 0 0 0 0 0 0 0 0 0 0 0 0 0 0 0 0 0 0 0 256 0 0 0 
0 0 0 0 0 0 0 0 0 0 0 0 0 0 0 0 0 0 0 0 0 0 0 0 0 0 0 0 256 0 0 0 
0 0 0 0 0 0 0 0 0 0 0 0 0 0 0 0 0 0 0 0 0 0 0 0 0 0 0 0 0 0 256 0 

0 |--> No name attached::0
0 0 0 0 0 0 0 0 0 0 0 0 0 0 0 0 0 0 0 0 0 0 0 0 0 0 0 0 0 0 0 0 
1580 0 1580 1580 1580 1580 1580 1580 1580 1580 1580 1580 1580 1580 1580 1580 1580 1580 1580 1580 1580 1580 1580 1580 1584 1580 1580 1580 1580 1580 1580 1580 
1576 1576 0 1576 1576 1576 1576 1576 1576 1576 1576 1576 1576 1576 1576 1576 1576 1576 1576 1576 1576 1576 1576 1576 1576 1576 1576 1576 1576 1576 1576 1576 
1580 1580 1580 0 1580 1580 1580 1580 1580 1580 1580 1580 1580 1580 1580 1580 1580 1580 1580 1580 1580 1580 1580 1580 1580 1580 1580 1580 1580 1580 1580 1580 
1572 1572 1572 1572 0 1572 1572 1572 1572 1572 1572 1572 1572 1572 1572 1572 1572 1572 1572 1572 1572 1572 1572 1572 1572 1572 1572 1572 1572 1572 1572 1572 
1584 1584 1584 1584 1584 0 1584 1584 1584 1584 1584 1584 1584 1584 1584 1584 1584 1584 1584 1584 1584 1584 1584 1584 1584 1584 1584 1584 1584 1584 1584 1584 
1572 1572 1572 1572 1572 1572 0 1572 1572 1572 1572 1572 1572 1572 1572 1572 1572 1572 1572 1572 1572 1572 1572 1572 1572 1572 1572 1572 1572 1572 1572 1572 
1580 1580 1580 1580 1580 1580 1580 0 1580 1580 1580 1580 1580 1580 1580 1580 1580 1580 1580 1580 1580 1580 1580 1580 1580 1580 1580 1580 1580 1580 1580 1580 
1580 1580 1580 1580 1580 1580 1580 1580 0 1580 1580 1580 1580 1580 1580 1580 1580 1580 1580 1580 1580 1580 1580 1580 1580 1580 1584 1580 1580 1580 1580 1580 
1580 1580 1580 1580 1580 1580 1580 1580 1580 0 1580 1580 1580 1580 1580 1580 1580 1580 1580 1580 1580 1580 1580 1580 1580 1580 1580 1580 1580 1580 1580 1580 
1580 1580 1580 1580 1580 1580 1580 1580 1580 1580 0 1580 1580 1580 1580 1580 1580 1580 1580 1580 1580 1580 1580 1580 1580 1580 1580 1580 1580 1580 1580 1580 
1584 1584 1584 1584 1584 1584 1584 1584 1584 1584 1584 0 1584 1584 1584 1584 1584 1584 1584 1584 1584 1584 1584 1584 1584 1584 1584 1584 1584 1584 1584 1584 
1576 1576 1576 1576 1576 1576 1576 1576 1576 1576 1576 1576 0 1576 1576 1576 1576 1576 1576 1576 1576 1576 1576 1576 1580 1576 1576 1576 1576 1576 1576 1576 
1576 1576 1576 1576 1576 1576 1576 1576 1576 1576 1576 1576 1576 0 1576 1576 1576 1576 1576 1576 1576 1576 1576 1576 1576 1576 1576 1580 1576 1576 1576 1576 
1588 1588 1588 1588 1588 1588 1588 1588 1588 1588 1588 1588 1588 1588 0 1588 1588 1588 1588 1588 1588 1588 1588 1588 1588 1588 1588 1588 1588 1588 1588 1588 
1576 1576 1576 1576 1576 1576 1576 1576 1576 1576 1576 1576 1576 1576 1576 0 1576 1576 1576 1576 1576 1576 1576 1576 1576 1576 1576 1576 1576 1576 1576 1576 
1580 1580 1580 1580 1580 1580 1580 1580 1580 1580 1580 1580 1580 1580 1580 1580 0 1580 1580 1580 1580 1580 1580 1580 1580 1580 1580 1580 1580 1580 1580 1580 
1584 1584 1584 1584 1584 1584 1584 1584 1584 1584 1584 1584 1584 1584 1584 1584 1584 0 1584 1584 1584 1584 1584 1584 1584 1584 1584 1584 1584 1584 1584 1584 
1584 1584 1584 1584 1584 1584 1584 1584 1584 1584 1584 1584 1584 1584 1584 1584 1584 1584 0 1584 1584 1584 1584 1584 1584 1584 1584 1584 1584 1584 1584 1584 
1584 1584 1584 1584 1584 1584 1584 1584 1584 1584 1584 1584 1584 1584 1584 1584 1584 1584 1584 0 1584 1584 1584 1584 1584 1584 1584 1584 1584 1584 1584 1584 
1580 1580 1580 1580 1580 1580 1580 1580 1580 1580 1580 1580 1580 1580 1580 1580 1580 1580 1580 1580 0 1580 1580 1580 1580 1580 1580 1580 1580 1580 1580 1580 
1584 1584 1584 1584 1584 1584 1584 1584 1584 1584 1584 1584 1584 1584 1584 1584 1584 1584 1584 1584 1584 0 1584 1584 1584 1584 1584 1584 1584 1584 1584 1584 
1588 1588 1588 1588 1588 1588 1588 1588 1588 1588 1588 1588 1588 1588 1588 1588 1588 1588 1588 1588 1588 1588 0 1588 1588 1588 1588 1588 1588 1588 1588 1588 
1584 1584 1584 1584 1584 1584 1584 1584 1584 1584 1584 1584 1584 1584 1584 1584 1584 1584 1584 1584 1584 1584 1584 0 1584 1584 1584 1584 1584 1584 1584 1584 
1584 1584 1584 1584 1584 1584 1584 1584 1584 1584 1584 1584 1584 1584 1584 1584 1584 1584 1584 1584 1584 1584 1584 1584 0 1584 1584 1584 1584 1584 1584 1584 
1592 1592 1592 1592 1592 1592 1592 1592 1592 1592 1592 1592 1592 1592 1592 1592 1592 1592 1592 1592 1592 1592 1592 1592 1592 0 1592 1592 1592 1592 1592 1592 
1588 1588 1588 1588 1588 1588 1588 1588 1588 1588 1588 1588 1588 1588 1588 1588 1588 1588 1588 1588 1588 1588 1588 1588 1588 1588 0 1588 1588 1588 1588 1588 
1584 1584 1584 1584 1584 1584 1584 1584 1584 1584 1584 1584 1584 1584 1584 1584 1584 1584 1584 1584 1584 1584 1584 1584 1584 1584 1584 0 1584 1584 1584 1584 
1592 1592 1592 1592 1592 1592 1592 1592 1592 1592 1592 1592 1592 1592 1592 1592 1592 1592 1592 1592 1592 1592 1592 1592 1592 1592 1592 1592 0 1592 1592 1592 
1584 1584 1584 1584 1584 1584 1584 1584 1584 1584 1584 1584 1584 1584 1584 1584 1584 1584 1584 1584 1584 1584 1584 1584 1584 1584 1584 1584 1584 0 1584 1584 
1584 1584 1584 1584 1584 1584 1584 1584 1584 1584 1584 1584 1584 1584 1584 1584 1584 1584 1584 1584 1584 1584 1584 1584 1584 1584 1584 1584 1584 1584 0 1584 
1304 1304 1304 1304 1304 1304 1304 1304 1304 1304 1304 1304 1304 1304 1304 1304 1304 1304 1304 1304 1304 1304 1304 1304 1304 1304 1304 1304 1304 1304 1304 0 

